[
  {
    "build_commit": "eadc418",
    "build_number": 1,
    "cpu_info": "CPU",
    "gpu_info": "",
    "backends": "CPU",
    "model_filename": "/data/local/tmp/paper_bench/models/smollm2-135m-q8_0.gguf",
    "model_type": "llama 256M Q8_0",
    "model_size": 143025408,
    "model_n_params": 134515008,
    "n_batch": 2048,
    "n_ubatch": 512,
    "n_threads": 4,
    "cpu_mask": "0x0",
    "cpu_strict": false,
    "poll": 50,
    "type_k": "f16",
    "type_v": "f16",
    "n_gpu_layers": 0,
    "n_cpu_moe": 0,
    "split_mode": "layer",
    "main_gpu": 0,
    "no_kv_offload": false,
    "flash_attn": false,
    "devices": "auto",
    "tensor_split": "0.00",
    "tensor_buft_overrides": "none",
    "use_mmap": true,
    "embeddings": false,
    "no_op_offload": 0,
    "no_host": false,
    "n_prompt": 256,
    "n_gen": 0,
    "n_depth": 0,
    "test_time": "2026-10-09T18:14:02Z",
    "avg_ns": 361612652,
    "stddev_ns": 10708408,
    "avg_ts": 708.592143,
    "stddev_ts": 22.167203,
    "samples_ns": [ 325704635, 325592604, 325578229, 325743541, 326431094, 328609896, 331106354, 332917500, 336355000, 337408437, 338697032, 341140104, 341375521, 342184739, 343810833, 343548958, 345277239, 347480781, 346988437, 347150677, 346231615, 348285729, 349802968, 350454062, 351523334, 351224271, 351703177, 352575260, 354030469, 353512552, 354583646, 353963281, 354563906, 355492500, 355744479, 355896146, 356624270, 357528958, 355888750, 355509063, 357492812, 356624167, 356810261, 358941094, 357752292, 357538125, 359881511, 358251458, 359814271, 358808594, 357499114, 359234636, 359307812, 359077917, 360370260, 360301771, 359480313, 361099114, 361395625, 360792760, 360791146, 360973749, 360884062, 361638229, 362598646, 363205260, 361193958, 363472500, 362703749, 362363750, 363001145, 362874479, 362200573, 361079688, 362899948, 362829427, 365987708, 364483281, 363594271, 365027136, 365639895, 364616927, 365242083, 364568385, 365369895, 364331667, 365464010, 364709583, 365326094, 365681198, 365333541, 365153594, 365315313, 365574062, 364298177, 366212031, 366278125, 366577708, 364921041, 366439896, 366454584, 366303489, 366846823, 365078490, 369200260, 367616041, 366908125, 368115261, 366382865, 367332083, 366610937, 369359479, 369648437, 368213958, 369529896, 367279948, 367190781, 368969218, 367885990, 365582500, 368611667, 369038437, 368523958, 368236927, 370142552, 367441667, 369630052, 367029739, 368241094, 368123386, 367618281, 367701666, 368410312, 368247917, 368236771, 368171614, 368979218, 369475052, 368699063, 369845938, 367843177, 369402968, 368158437, 370237917, 368691770, 369303021, 369588906, 371118124, 370467604, 370949948, 369478698, 368708802, 370950364, 369867187, 370614739, 370050833, 369723437, 368723229, 369462239, 370465104, 369892760, 370409531, 372515625, 370116979, 371030521, 370388854, 370005312, 372112812, 371181198, 369858125, 369868906, 371265104, 370386301, 370375677, 369299948, 372935000, 372037864, 372007032, 370237708, 370177500, 371397343, 371711875 ],
    "samples_ts": [ 785.988, 786.259, 786.293, 785.894, 784.239, 779.039, 773.165, 768.959, 761.101, 758.724, 755.838, 750.425, 749.907, 748.134, 744.596, 745.163, 741.433, 736.731, 737.777, 737.432, 739.389, 735.029, 731.841, 730.481, 728.259, 728.879, 727.887, 726.086, 723.102, 724.161, 721.974, 723.239, 722.014, 720.128, 719.618, 719.311, 717.842, 716.026, 719.326, 720.094, 716.098, 717.843, 717.468, 713.209, 715.579, 716.008, 711.345, 714.582, 711.478, 713.472, 716.086, 712.626, 712.481, 712.937, 710.38, 710.516, 712.139, 708.947, 708.365, 709.549, 709.552, 709.193, 709.369, 707.89, 706.015, 704.836, 708.76, 704.317, 705.81, 706.472, 705.232, 705.478, 706.791, 708.985, 705.429, 705.566, 699.477, 702.364, 704.082, 701.318, 700.142, 702.107, 700.905, 702.2, 700.66, 702.656, 700.479, 701.928, 700.744, 700.063, 700.73, 701.075, 700.764, 700.268, 702.721, 699.049, 698.922, 698.351, 701.522, 698.614, 698.586, 698.874, 697.839, 701.219, 693.391, 696.379, 697.722, 695.434, 698.723, 696.917, 698.288, 693.092, 692.55, 695.248, 692.772, 697.016, 697.185, 693.825, 695.868, 700.252, 694.498, 693.695, 694.663, 695.205, 691.625, 696.709, 692.584, 697.491, 695.197, 695.419, 696.375, 696.217, 694.877, 695.184, 695.205, 695.328, 693.806, 692.875, 694.333, 692.18, 695.949, 693.01, 695.353, 691.447, 694.347, 693.198, 692.661, 689.807, 691.019, 690.12, 692.868, 694.315, 690.119, 692.14, 690.744, 691.797, 692.409, 694.288, 692.899, 691.023, 692.092, 691.127, 687.219, 691.673, 689.97, 691.166, 691.882, 687.963, 689.69, 692.157, 692.137, 689.534, 691.17, 691.19, 693.203, 686.447, 688.102, 688.159, 691.448, 691.56, 689.289, 688.705 ]
  }
]
