[
  {
    "build_commit": "eadc418",
    "build_number": 1,
    "cpu_info": "CPU",
    "gpu_info": "",
    "backends": "CPU",
    "model_filename": "/data/local/tmp/paper_bench/models/smollm2-135m-q4_0.gguf",
    "model_type": "llama 256M Q4_0",
    "model_size": 89941248,
    "model_n_params": 134515008,
    "n_batch": 2048,
    "n_ubatch": 512,
    "n_threads": 4,
    "cpu_mask": "0x0",
    "cpu_strict": false,
    "poll": 50,
    "type_k": "f16",
    "type_v": "f16",
    "n_gpu_layers": 0,
    "n_cpu_moe": 0,
    "split_mode": "layer",
    "main_gpu": 0,
    "no_kv_offload": false,
    "flash_attn": false,
    "devices": "auto",
    "tensor_split": "0.00",
    "tensor_buft_overrides": "none",
    "use_mmap": true,
    "embeddings": false,
    "no_op_offload": 0,
    "no_host": false,
    "n_prompt": 256,
    "n_gen": 0,
    "n_depth": 0,
    "test_time": "2026-10-09T17:54:21Z",
    "avg_ns": 342947938,
    "stddev_ns": 8407230,
    "avg_ts": 746.927205,
    "stddev_ts": 18.821637,
    "samples_ns": [ 322546979, 322691667, 322531250, 322785937, 322610208, 322388802, 322569114, 322548020, 323372187, 324153230, 324470156, 325489480, 326480104, 328988281, 328014271, 329647344, 330452448, 331068958, 332189636, 333185729, 331121302, 331966146, 334408229, 333477291, 335377708, 332830937, 333648125, 335900573, 336396563, 336447552, 334234791, 335880052, 338567239, 337980573, 337598489, 338069583, 339216927, 338440573, 340272761, 339762865, 339260364, 340765416, 338901146, 340538437, 340908697, 340399323, 340605625, 340681510, 341650000, 341306042, 341656146, 341601041, 342704062, 342994895, 342453073, 342241041, 343632448, 341700104, 344462656, 343321771, 344957760, 343494166, 344312656, 343662240, 342981718, 343703438, 345198697, 344608281, 343987812, 343431615, 344548542, 344453750, 344423386, 343529583, 344659896, 346260729, 346091823, 346018177, 345428750, 345533073, 346063437, 345150260, 345755520, 345813489, 346822865, 347114844, 347066979, 346792448, 345932864, 345529687, 346695885, 348142813, 348014792, 347426823, 347311823, 348864166, 348037447, 347769375, 347861459, 348378437, 349121145, 348730521, 348643333, 349805312, 347857083, 350890572, 349430365, 348983802, 348544114, 348310105, 350086562, 349527604, 349676667, 349079375, 348815521, 348885989, 349543541, 350173073, 351145729, 350098802, 349049584, 349413646, 351071510, 350455990, 349937188, 351370729, 349996354, 351145521, 350344115, 351420989, 352550625, 351374374, 351261250, 351583073, 351187291, 352324270, 351459948, 351338125, 352527083, 350996771, 351422187, 350976302, 350535625, 351780989, 350454479, 352007343, 350921562, 351755781, 352050000, 352439635, 350598073, 351589635 ],
    "samples_ts": [ 793.683, 793.327, 793.722, 793.095, 793.527, 794.072, 793.628, 793.68, 791.657, 789.75, 788.979, 786.508, 784.121, 778.143, 780.454, 776.587, 774.695, 773.253, 770.644, 768.34, 773.131, 771.163, 765.531, 767.668, 763.318, 769.159, 767.275, 762.13, 761.007, 760.891, 765.929, 762.177, 756.127, 757.44, 758.297, 757.241, 754.679, 756.41, 752.338, 753.467, 754.583, 751.25, 755.383, 751.751, 750.934, 752.058, 751.602, 751.435, 749.305, 750.06, 749.291, 749.412, 747, 746.367, 747.548, 748.011, 744.982, 749.195, 743.187, 745.656, 742.12, 745.282, 743.51, 744.917, 746.395, 744.828, 741.602, 742.872, 744.212, 745.418, 743.001, 743.206, 743.271, 745.205, 742.761, 739.327, 739.688, 739.846, 741.108, 740.884, 739.749, 741.706, 740.408, 740.283, 738.129, 737.508, 737.61, 738.194, 740.028, 740.891, 738.399, 735.33, 735.601, 736.846, 737.09, 733.81, 735.553, 736.12, 735.925, 734.833, 733.27, 734.091, 734.275, 731.836, 735.934, 729.572, 732.621, 733.558, 734.484, 734.977, 731.248, 732.417, 732.105, 733.358, 733.912, 733.764, 732.384, 731.067, 729.042, 731.222, 733.42, 732.656, 729.196, 730.477, 731.56, 728.575, 731.436, 729.042, 730.71, 728.471, 726.137, 728.568, 728.802, 728.135, 728.956, 726.603, 728.39, 728.643, 726.185, 729.351, 728.469, 729.394, 730.311, 727.726, 730.48, 727.258, 729.508, 727.778, 727.169, 726.366, 730.181, 728.122 ]
  }
]
