[
  {
    "build_commit": "eadc418",
    "build_number": 1,
    "cpu_info": "CPU",
    "gpu_info": "QUALCOMM Adreno(TM)",
    "backends": "OpenCL",
    "model_filename": "/data/local/tmp/paper_bench/models/smollm2-135m-q4_0.gguf",
    "model_type": "llama 256M Q4_0",
    "model_size": 89941248,
    "model_n_params": 134515008,
    "n_batch": 2048,
    "n_ubatch": 512,
    "n_threads": 4,
    "cpu_mask": "0x0",
    "cpu_strict": false,
    "poll": 50,
    "type_k": "f16",
    "type_v": "f16",
    "n_gpu_layers": 99,
    "n_cpu_moe": 0,
    "split_mode": "layer",
    "main_gpu": 0,
    "no_kv_offload": false,
    "flash_attn": false,
    "devices": "auto",
    "tensor_split": "0.00",
    "tensor_buft_overrides": "none",
    "use_mmap": true,
    "embeddings": false,
    "no_op_offload": 0,
    "no_host": false,
    "n_prompt": 256,
    "n_gen": 0,
    "n_depth": 0,
    "test_time": "2026-10-09T18:03:04Z",
    "avg_ns": 624016999,
    "stddev_ns": 2233826,
    "avg_ts": 410.250476,
    "stddev_ts": 1.474642,
    "samples_ns": [ 627212343, 622175312, 627452343, 625080990, 623798959, 625857656, 624741198, 623387552, 624525312, 623687292, 628257344, 624456823, 622288854, 624727709, 627600990, 623685729, 623673958, 625086093, 625217708, 626201458, 626737864, 627659478, 623716353, 624380937, 621299739, 622885364, 626145468, 622423490, 620777083, 622608020, 615847865, 623924844, 627310312, 624873802, 624273541, 625503281, 624149531, 623387917, 624566927, 623500052, 625372969, 624342969, 624343854, 625436406, 624599323, 624510052, 625316458, 623686875, 625518802, 625052239, 626381927, 625075833, 623111562, 617096770, 625017291, 622284844, 626305885, 626067292, 625101302, 624356666, 625032552, 623868125, 624586771, 625156146, 624122188, 626553542, 625257865, 626695833, 624344688, 622798177, 628191458, 624037656, 624590572, 625446041, 623043854, 625326875, 624769011, 624272760, 627818750, 625136771, 625199062, 625622136, 625664687, 625836562, 625154011, 624702031, 625425364, 627448125, 626557031, 623006093, 622711614, 624411823, 617854635, 624661354, 622198177, 627239688, 619379635, 623755260, 625519063, 624445885, 624824843, 625460313, 623298333, 624010156, 618085052, 623343437, 623691718, 623493489, 623353072, 624151145, 623277135, 622374583, 623447187, 626208229, 624841874, 620676979, 623744271, 625200938, 620899218, 620389584, 623875156, 617150469, 625547448, 624950261, 620825937, 623754010, 620457969, 621421250, 623792083, 624546823, 621343697, 621781302, 621640469, 620578906, 625620104, 624514583, 621415990, 624461042, 624173802, 621349583, 623467708, 616860052, 622790573, 624545573, 624919895 ],
    "samples_ts": [ 408.155, 411.46, 407.999, 409.547, 410.389, 409.039, 409.77, 410.659, 409.911, 410.462, 407.476, 409.956, 411.385, 409.779, 407.902, 410.463, 410.471, 409.544, 409.457, 408.814, 408.464, 407.864, 410.443, 410.006, 412.039, 410.991, 408.851, 411.296, 412.386, 411.174, 415.687, 410.306, 408.091, 409.683, 410.077, 409.27, 410.158, 410.659, 409.884, 410.585, 409.356, 410.031, 410.03, 409.314, 409.863, 409.921, 409.393, 410.462, 409.26, 409.566, 408.696, 409.55, 410.841, 414.846, 409.589, 411.387, 408.746, 408.902, 409.534, 410.022, 409.579, 410.343, 409.871, 409.498, 410.176, 408.584, 409.431, 408.492, 410.03, 411.048, 407.519, 410.232, 409.868, 409.308, 410.886, 409.386, 409.751, 410.077, 407.761, 409.51, 409.47, 409.193, 409.165, 409.052, 409.499, 409.795, 409.321, 408.002, 408.582, 410.911, 411.105, 409.986, 414.337, 409.822, 411.444, 408.137, 413.317, 410.417, 409.26, 409.963, 409.715, 409.299, 410.718, 410.25, 414.182, 410.689, 410.459, 410.59, 410.682, 410.157, 410.732, 411.328, 410.62, 408.81, 409.704, 412.453, 410.425, 409.468, 412.305, 412.644, 410.339, 414.81, 409.242, 409.633, 412.354, 410.418, 412.598, 411.959, 410.393, 409.897, 412.01, 411.72, 411.814, 412.518, 409.194, 409.918, 411.962, 409.954, 410.142, 412.006, 410.607, 415.005, 411.053, 409.898, 409.653 ]
  }
]
