# up 
273035.33 
273035.45 
273035.57 
273035.70 
273035.90 
273036.03 
273036.15 
273036.29 
273036.42 
273036.54 
273037.42 
273037.54 
273037.67 
273037.79 
273037.92 
273038.05 
273038.17 
273038.30 
273038.44 
273038.57 
273038.69 
273038.81 
273038.94 
273039.07 
273039.19 
273039.32 
273039.44 
273039.57 
273039.70 
273039.83 
273039.96 
273040.09 
273040.21 
273040.34 
273040.47 
273040.59 
273040.72 
273040.85 
273040.98 
273041.11 
273041.24 
273041.37 
273041.49 
273041.62 
273041.75 
273041.88 
273042.00 
273042.13 
273042.26 
273042.39 
273042.52 
273042.64 
273042.77 
273042.90 
273043.03 
273043.16 
273043.29 
273043.41 
273043.54 
273043.67 
273043.79 
273043.92 
273044.05 
273044.18 
273044.30 
273044.43 
273044.56 
273044.68 
273044.81 
273044.94 
273045.07 
273045.20 
273045.33 
273045.45 
273045.58 
273045.71 
273045.84 
273045.97 
273046.09 
273046.22 
273046.35 
273046.48 
273046.61 
273046.74 
273046.86 
273046.99 
273047.12 
273047.25 
273047.38 
273047.50 
273047.63 
273047.76 
273047.89 
273048.02 
273048.14 
273048.27 
273048.40 
273048.53 
273048.66 
273048.78 
273048.91 
273049.04 
273049.16 
273049.29 
273049.41 
273049.54 
273049.67 
273049.80 
273049.92 
273050.05 
273050.18 
273050.31 
273050.44 
273050.57 
273050.69 
273050.82 
273050.95 
273051.08 
273051.21 
273051.33 
273051.46 
273051.59 
273051.71 
273051.84 
273051.97 
273052.10 
273052.22 
273052.35 
273052.48 
273052.61 
273052.74 
273052.87 
273053.00 
273053.12 
273053.25 
273053.37 
273053.50 
273053.63 
273053.77 
273053.90 
273054.03 
273054.16 
273054.29 
273054.41 
273054.52 
273054.64 
273054.77 
273054.90 
273055.02 
273055.15 
273055.28 
273055.41 
273055.54 
273055.67 
273055.79 
273055.92 
273056.05 
273056.18 
273056.31 
273056.43 
273056.56 
273056.68 
273056.82 
273056.95 
273057.08 
273057.20 
273057.33 
273057.46 
273057.59 
273057.72 
273057.84 
273057.97 
273058.10 
273058.24 
273058.36 
273058.49 
273058.62 
273058.75 
273058.88 
273059.01 
273059.13 
273059.26 
273059.39 
273059.51 
273059.64 
273059.76 
273059.89 
273060.02 
273060.15 
273060.28 
273060.41 
273060.53 
273060.66 
273060.79 
273060.92 
273061.04 
273061.17 
273061.30 
273061.43 
273061.56 
273061.69 
273061.81 
273061.94 
273062.07 
273062.20 
273062.33 
273062.45 
273062.58 
273062.71 
273062.84 
273062.97 
273063.11 
273063.23 
273063.36 
273063.49 
273063.61 
273063.74 
273063.87 
273064.00 
273064.13 
273064.25 
273064.38 
273064.51 
273064.64 
273064.77 
273064.89 
273065.02 
273065.15 
273065.28 
273065.41 
273065.53 
273065.66 
273065.79 
273065.92 
273066.05 
273066.17 
273066.30 
273066.43 
273066.55 
273066.68 
273066.81 
273066.94 
273067.07 
273067.20 
273067.33 
273067.45 
273067.58 
273067.71 
273067.83 
273067.96 
273068.09 
273068.23 
273068.36 
273068.49 
273068.61 
273068.74 
273068.87 
273069.00 
273069.12 
273069.25 
273069.38 
273069.51 
273069.64 
273069.77 
273069.89 
273070.02 
273070.14 
273070.27 
273070.40 
273070.53 
273070.66 
273070.79 
273070.91 
273071.04 
273071.17 
273071.30 
273071.43 
273071.55 
273071.67 
273071.81 
273071.93 
273072.06 
273072.19 
273072.32 
273072.45 
273072.59 
273072.72 
273072.85 
273072.98 
273073.10 
273073.23 
273073.36 
273073.49 
273073.62 
273073.74 
273073.87 
273074.00 
273074.13 
273074.26 
273074.39 
273074.52 
273074.64 
273074.77 
273074.90 
273075.03 
273075.16 
273075.28 
273075.41 
273075.54 
273075.67 
273075.80 
273075.92 
273076.07 
273076.20 
273076.33 
273076.45 
273076.58 
273076.71 
273076.84 
273076.97 
273077.09 
273077.22 
273077.35 
273077.48 
273077.61 
273077.74 
273077.88 
273078.00 
273078.13 
273078.26 
273078.39 
273078.52 
273078.64 
273078.77 
273078.90 
273079.03 
273079.15 
273079.28 
273079.41 
273079.53 
273079.66 
273079.79 
273079.92 
273080.05 
273080.18 
273080.30 
273080.43 
273080.56 
273080.69 
273080.81 
273080.94 
273081.07 
273081.20 
273081.33 
273081.46 
273081.59 
273081.71 
273081.84 
273081.97 
273082.10 
273082.22 
273082.35 
273082.50 
273082.63 
273082.75 
273082.88 
273083.01 
273083.14 
273083.26 
273083.39 
273083.52 
273083.65 
273083.77 
273083.90 
273084.02 
273084.15 
273084.28 
273084.41 
273084.53 
273084.66 
273084.79 
273084.92 
273085.05 
273085.18 
273085.30 
273085.43 
273085.55 
273085.67 
273085.78 
273085.90 
273086.03 
273086.15 
273086.28 
273086.41 
273086.53 
273086.66 
273086.78 
273086.93 
273087.05 
273087.18 
273087.31 
273087.44 
273087.57 
273087.69 
273087.82 
273087.95 
273088.08 
273088.21 
273088.33 
273088.46 
273088.59 
273088.72 
273088.85 
273088.97 
273089.10 
273089.23 
273089.35 
273089.48 
273089.61 
273089.72 
273089.86 
273089.99 
273090.12 
273090.25 
273090.38 
273090.50 
273090.63 
273090.76 
273090.89 
273091.02 
273091.16 
273091.29 
273091.42 
273091.55 
273091.68 
273091.80 
273091.93 
273092.06 
273092.19 
273092.32 
273092.45 
273092.57 
273092.70 
273092.83 
273092.96 
273093.09 
273093.21 
273093.34 
273093.47 
273093.59 
273093.72 
273093.84 
273093.97 
273094.09 
273094.22 
273094.35 
273094.48 
273094.61 
273094.74 
273094.87 
273094.99 
273095.12 
273095.25 
273095.38 
273095.50 
273095.63 
273095.76 
273095.89 
273096.02 
273096.15 
273096.27 
273096.40 
273096.55 
273096.68 
273096.80 
273096.93 
273097.06 
273097.19 
273097.31 
273097.44 
273097.57 
273097.69 
273097.82 
273097.95 
273098.07 
273098.22 
273098.35 
273098.48 
273098.61 
273098.74 
273098.87 
273098.99 
273099.12 
273099.25 
273099.38 
273099.51 
273099.63 
273099.76 
273099.89 
273100.01 
273100.14 
273100.27 
273100.40 
273100.53 
273100.66 
273100.79 
273100.91 
273101.04 
273101.16 
273101.28 
273101.40 
273101.52 
273101.65 
273101.78 
273101.90 
273102.03 
273102.16 
273102.29 
273102.42 
273102.55 
273102.67 
273102.80 
273102.93 
273103.06 
273103.19 
273103.31 
273103.44 
273103.57 
273103.71 
273103.84 
273103.97 
273104.09 
273104.22 
273104.35 
273104.48 
273104.61 
273104.73 
273104.86 
273104.99 
273105.12 
273105.24 
273105.38 
273105.52 
273105.65 
273105.78 
273105.90 
273106.03 
273106.16 
273106.29 
273106.42 
273106.55 
273106.68 
273106.81 
273106.93 
273107.06 
273107.19 
273107.32 
273107.45 
273107.57 
273107.70 
273107.83 
273107.96 
273108.09 
273108.21 
273108.34 
273108.47 
273108.60 
273108.73 
273108.86 
273108.98 
273109.11 
273109.24 
273109.36 
273109.49 
273109.62 
273109.75 
273109.88 
273110.00 
273110.13 
273110.26 
273110.38 
273110.51 
273110.64 
273110.77 
273110.90 
273111.02 
273111.15 
273111.28 
273111.41 
273111.54 
273111.67 
273111.80 
273111.92 
273112.05 
273112.18 
273112.31 
273112.44 
273112.57 
273112.69 
273112.82 
273112.95 
273113.08 
273113.21 
273113.33 
273113.46 
273113.59 
273113.72 
273113.85 
273113.98 
273114.10 
273114.23 
273114.36 
273114.48 
273114.61 
273114.74 
273114.86 
273114.99 
273115.12 
273115.25 
273115.38 
273115.51 
273115.63 
273115.76 
273115.89 
273116.01 
273116.14 
273116.27 
273116.40 
273116.52 
273116.65 
273116.78 
273116.90 
273117.02 
273117.15 
273117.28 
273117.41 
273117.53 
273117.66 
273117.79 
273117.91 
273118.04 
273118.17 
273118.29 
273118.42 
273118.55 
273118.68 
273118.80 
273118.93 
273119.06 
273119.19 
273119.32 
273119.45 
273119.57 
273119.70 
273119.83 
273119.96 
273120.08 
273120.21 
273120.34 
273120.47 
273120.60 
273120.72 
273120.85 
273120.98 
273121.11 
273121.24 
273121.37 
273121.49 
273121.62 
273121.75 
273121.87 
273122.00 
273122.13 
273122.25 
273122.38 
273122.51 
273122.64 
273122.77 
273122.89 
273123.01 
273123.14 
273123.27 
273123.40 
273123.52 
273123.65 
273123.78 
273123.91 
273124.03 
273124.16 
273124.29 
273124.42 
273124.54 
273124.67 
273124.80 
273124.93 
273125.06 
273125.19 
273125.31 
273125.44 
273125.56 
273125.69 
273125.82 
273125.94 
273126.07 
273126.20 
273126.32 
273126.45 
273126.58 
273126.71 
273126.84 
273126.97 
273127.09 
273127.22 
273127.35 
273127.48 
273127.61 
273127.73 
273127.85 
273127.98 
273128.10 
273128.23 
273128.36 
273128.49 
273128.61 
273128.74 
273128.87 
273129.00 
273129.12 
273129.26 
273129.39 
273129.52 
273129.65 
273129.78 
273129.90 
273130.03 
273130.16 
273130.29 
273130.42 
273130.55 
273130.68 
273130.80 
273130.93 
273131.06 
273131.19 
273131.31 
273131.44 
273131.57 
273131.70 
273131.82 
273131.95 
273132.08 
273132.21 
273132.33 
273132.45 
273132.59 
273132.72 
273132.85 
273132.98 
273133.11 
273133.24 
273133.37 
273133.49 
273133.62 
273133.75 
273133.88 
273134.01 
273134.14 
273134.26 
273134.39 
273134.52 
273134.65 
273134.77 
273134.90 
273135.03 
273135.15 
273135.28 
273135.41 
273135.54 
273135.67 
273135.80 
273135.93 
273136.06 
273136.18 
273136.31 
273136.44 
273136.56 
273136.69 
273136.82 
273136.95 
273137.08 
273137.21 
273137.34 
273137.46 
273137.59 
273137.72 
273137.84 
273137.97 
273138.10 
273138.23 
273138.36 
273138.49 
273138.61 
273138.74 
273138.87 
273139.00 
273139.14 
273139.26 
273139.39 
273139.52 
273139.65 
273139.78 
273139.90 
273140.03 
273140.16 
273140.29 
273140.42 
273140.55 
273140.68 
273140.80 
273140.93 
273141.06 
273141.18 
273141.31 
273141.44 
273141.57 
273141.70 
273141.83 
273141.95 
273142.08 
273142.21 
273142.34 
273142.47 
273142.60 
273142.72 
273142.84 
273142.97 
273143.08 
273143.20 
273143.31 
273143.44 
273143.54 
273143.66 
273143.78 
273143.91 
273144.04 
273144.17 
273144.30 
273144.41 
273144.54 
273144.65 
273144.75 
273144.86 
273144.97 
273145.08 
273145.18 
273145.29 
273145.40 
273145.53 
273145.64 
273145.75 
273145.85 
273145.99 
273146.11 
273146.22 
273146.33 
273146.43 
273146.54 
273146.68 
273146.79 
273146.89 
273147.00 
273147.11 
273147.22 
273147.33 
273147.44 
273147.54 
273147.68 
273147.78 
273147.89 
273148.00 
273148.11 
273148.21 
273148.32 
273148.43 
273148.54 
273148.65 
273148.75 
273148.86 
273148.97 
273149.11 
273149.22 
273149.33 
273149.44 
273149.54 
273149.66 
273149.77 
273149.88 
273150.01 
273150.12 
273150.24 
273150.38 
273150.50 
273150.62 
273150.74 
273150.86 
273150.98 
273151.10 
273151.22 
273151.33 
273151.45 
273151.57 
273151.68 
273151.82 
273151.94 
273152.07 
273152.19 
273152.31 
273152.43 
273152.55 
273152.67 
273152.79 
273152.91 
273153.02 
273153.14 
273153.27 
273153.38 
273153.51 
273153.64 
273153.76 
273153.87 
273153.99 
273154.11 
273154.22 
273154.35 
273154.45 
273154.56 
273154.68 
273154.79 
273154.91 
273155.03 
273155.14 
273155.26 
273155.38 
273155.50 
273155.62 
273155.74 
273155.85 
273155.97 
273156.10 
273156.22 
273156.35 
273156.47 
273156.59 
273156.71 
273156.83 
273156.95 
273157.07 
273157.19 
273157.31 
273157.43 
273157.56 
273157.69 
273157.80 
273157.92 
273158.05 
273158.17 
273158.29 
273158.41 
273158.53 
273158.66 
273158.78 
273158.89 
273159.01 
273159.13 
273159.26 
273159.39 
273159.49 
273159.61 
273159.73 
273159.85 
273159.97 
273160.08 
273160.21 
273160.35 
273160.46 
273160.59 
273160.71 
273160.82 
273160.95 
273161.06 
273161.18 
273161.29 
273161.42 
273161.53 
273161.65 
273161.78 
273161.89 
273162.01 
273162.14 
273162.27 
273162.38 
273162.50 
273162.63 
273162.75 
273162.86 
273162.98 
273163.09 
273163.20 
273163.33 
273163.45 
273163.57 
273163.69 
273163.82 
273163.94 
273164.06 
273164.18 
273164.29 
273164.41 
273164.52 
273164.64 
273164.77 
273164.90 
273165.01 
273165.14 
273165.25 
273165.38 
273165.49 
273165.60 
273165.73 
273165.85 
273165.97 
273166.08 
273166.20 
273166.32 
273166.44 
273166.57 
273166.69 
273166.81 
273166.93 
273167.05 
273167.17 
273167.28 
273167.40 
273167.52 
273167.65 
273167.77 
273167.89 
273168.01 
273168.14 
273168.27 
273168.39 
273168.51 
273168.64 
273168.76 
273168.87 
273168.99 
273169.10 
273169.23 
273169.35 
273169.48 
273169.61 
273169.73 
273169.85 
273169.96 
273170.07 
273170.18 
273170.30 
273170.42 
273170.54 
273170.66 
273170.77 
273170.89 
273171.02 
273171.13 
273171.25 
273171.37 
273171.49 
273171.61 
273171.72 
273171.83 
273171.96 
273172.07 
273172.19 
273172.31 
273172.43 
273172.54 
273172.66 
273172.77 
273172.90 
273173.03 
273173.15 
273173.28 
273173.41 
273173.52 
273173.65 
273173.77 
273173.90 
273174.02 
273174.14 
273174.26 
273174.37 
273174.50 
273174.62 
273174.74 
273174.87 
273174.98 
273175.10 
273175.21 
273175.34 
273175.46 
273175.57 
273175.69 
273175.83 
273175.95 
273176.06 
273176.20 
273176.32 
273176.44 
273176.56 
273176.68 
273176.80 
273176.92 
273177.05 
273177.18 
273177.30 
273177.43 
273177.55 
273177.67 
273177.79 
273177.91 
273178.02 
273178.15 
273178.27 
273178.39 
273178.52 
273178.63 
273178.76 
273178.87 
273178.99 
273179.10 
273179.22 
273179.33 
273179.45 
273179.57 
273179.68 
273179.79 
273179.91 
273180.05 
273180.17 
273180.28 
273180.40 
273180.53 
273180.66 
273180.80 
273180.92 
273181.04 
273181.16 
273181.28 
273181.39 
273181.52 
273181.63 
273181.75 
273181.87 
273181.98 
273182.10 
273182.22 
273182.34 
273182.46 
273182.58 
273182.70 
273182.82 
273182.93 
273183.04 
273183.15 
273183.27 
273183.40 
273183.52 
273183.63 
273183.75 
273183.88 
273184.01 
273184.13 
273184.25 
273184.38 
273184.50 
273184.62 
273184.74 
273184.87 
273184.98 
273185.11 
273185.23 
273185.35 
273185.48 
273185.60 
273185.71 
273185.83 
273185.95 
273186.07 
273186.18 
273186.30 
273186.42 
273186.54 
273186.66 
273186.78 
273186.90 
273187.01 
273187.13 
273187.25 
273187.37 
273187.49 
273187.60 
273187.72 
273187.83 
273187.95 
273188.07 
273188.19 
273188.31 
273188.42 
273188.54 
273188.66 
273188.77 
273188.89 
273189.00 
273189.12 
273189.24 
273189.36 
273189.47 
273189.60 
273189.71 
273189.83 
273189.95 
273190.08 
273190.20 
273190.32 
273190.44 
273190.56 
273190.68 
273190.80 
273190.92 
273191.05 
273191.17 
273191.29 
273191.42 
273191.54 
273191.67 
273191.78 
273191.91 
273192.03 
273192.16 
273192.28 
273192.40 
273192.53 
273192.64 
273192.77 
273192.88 
273193.00 
273193.13 
273193.25 
273193.36 
273193.48 
273193.60 
273193.71 
273193.83 
273193.95 
273194.07 
273194.20 
273194.31 
273194.43 
273194.55 
273194.67 
273194.79 
273194.91 
273195.03 
273195.15 
273195.26 
273195.39 
273195.52 
273195.65 
273195.76 
273195.89 
273196.00 
273196.13 
273196.25 
273196.37 
273196.49 
273196.62 
273196.74 
273196.86 
273196.97 
273197.09 
273197.21 
273197.32 
273197.44 
273197.55 
273197.68 
273197.80 
273197.91 
273198.03 
273198.15 
273198.27 
273198.38 
273198.50 
273198.62 
273198.75 
273198.87 
273198.98 
273199.10 
273199.21 
273199.33 
273199.46 
273199.58 
273199.70 
273199.81 
273199.93 
273200.04 
273200.16 
273200.28 
273200.41 
273200.54 
273200.65 
273200.76 
273200.88 
273200.99 
273201.10 
273201.21 
273201.33 
273201.45 
273201.56 
273201.67 
273201.80 
273201.91 
273202.04 
273202.16 
273202.29 
273202.41 
273202.54 
273202.65 
273202.76 
273202.88 
273203.01 
273203.12 
273203.24 
273203.37 
273203.49 
273203.62 
273203.73 
273203.84 
273203.95 
273204.07 
273204.19 
273204.31 
273204.42 
273204.53 
273204.66 
273204.78 
273204.89 
273205.01 
273205.14 
273205.25 
273205.36 
273205.48 
273205.60 
273205.73 
273205.84 
273205.95 
273206.07 
273206.19 
273206.30 
273206.41 
273206.52 
273206.64 
273206.76 
273206.88 
273206.99 
273207.10 
273207.22 
273207.34 
273207.46 
273207.58 
273207.69 
273207.81 
273207.95 
273208.08 
273208.20 
273208.33 
273208.45 
273208.58 
273208.71 
273208.84 
273208.96 
273209.09 
273209.22 
273209.33 
273209.46 
273209.58 
273209.71 
273209.83 
273209.95 
273210.08 
273210.21 
273210.34 
273210.47 
273210.60 
273210.73 
273210.85 
273210.98 
273211.11 
273211.24 
273211.37 
273211.49 
273211.62 
273211.75 
273211.88 
273212.01 
273212.13 
273212.26 
273212.39 
273212.52 
273212.65 
273212.77 
273212.90 
273213.03 
273213.16 
273213.29 
273213.41 
273213.54 
273213.67 
273213.80 
273213.93 
273214.05 
273214.18 
273214.33 
273214.46 
273214.59 
273214.71 
273214.84 
273214.97 
273215.10 
273215.23 
273215.36 
273215.49 
273215.62 
273215.74 
273215.87 
273216.00 
273216.12 
273216.25 
273216.38 
273216.51 
273216.64 
273216.77 
273216.89 
273217.02 
273217.15 
273217.28 
273217.41 
273217.54 
273217.67 
273217.79 
273217.92 
273218.05 
273218.17 
273218.31 
273218.43 
273218.56 
273218.69 
273218.81 
273218.93 
273219.06 
273219.19 
273219.31 
273219.44 
273219.58 
273219.70 
273219.82 
273219.95 
273220.08 
273220.21 
273220.33 
273220.46 
273220.59 
273220.72 
273220.85 
273220.97 
273221.10 
273221.23 
273221.36 
273221.48 
273221.61 
273221.74 
273221.87 
273221.99 
273222.12 
273222.25 
273222.38 
273222.50 
273222.63 
273222.76 
273222.89 
273223.03 
273223.16 
273223.29 
273223.41 
273223.54 
273223.67 
273223.80 
273223.92 
273224.05 
273224.18 
273224.31 
273224.44 
273224.57 
273224.69 
273224.81 
273224.93 
273225.06 
273225.18 
273225.31 
273225.43 
273225.56 
273225.68 
273225.81 
273225.94 
273226.07 
273226.19 
273226.32 
273226.45 
273226.58 
273226.70 
273226.84 
273226.97 
273227.09 
273227.22 
273227.35 
273227.48 
273227.61 
273227.74 
273227.86 
273227.99 
273228.12 
273228.25 
273228.37 
273228.50 
273228.63 
273228.76 
273228.88 
273229.01 
273229.14 
273229.27 
273229.39 
273229.52 
273229.65 
273229.78 
273229.90 
273230.03 
273230.16 
273230.29 
273230.42 
273230.54 
273230.67 
273230.79 
273230.92 
273231.04 
273231.17 
273231.30 
273231.43 
273231.56 
273231.69 
273231.81 
273231.94 
273232.07 
273232.20 
273232.33 
273232.46 
273232.59 
273232.72 
273232.85 
273232.98 
273233.11 
273233.23 
273233.36 
273233.49 
273233.62 
273233.74 
273233.87 
273234.00 
273234.13 
273234.26 
273234.38 
273234.51 
273234.64 
273234.77 
273234.90 
273235.02 
273235.15 
273235.28 
273235.41 
273235.54 
273235.66 
273235.79 
273235.92 
273236.05 
273236.18 
273236.31 
273236.44 
273236.57 
273236.69 
273236.82 
273236.95 
273237.08 
273237.21 
273237.33 
273237.46 
273237.59 
273237.72 
273237.84 
273237.97 
273238.10 
273238.25 
273238.38 
273238.51 
273238.63 
273238.76 
273238.89 
273239.01 
273239.14 
273239.27 
273239.39 
273239.52 
273239.65 
273239.78 
273239.90 
273240.03 
273240.16 
273240.29 
273240.41 
273240.55 
273240.68 
273240.81 
273240.93 
273241.06 
273241.19 
273241.32 
273241.45 
273241.58 
273241.70 
273241.83 
273241.96 
273242.08 
273242.21 
273242.34 
273242.47 
273242.60 
273242.72 
273242.85 
273242.98 
273243.10 
273243.23 
273243.36 
273243.49 
273243.62 
273243.75 
273243.88 
273244.00 
273244.13 
273244.26 
273244.39 
273244.52 
273244.65 
273244.77 
273244.92 
273245.05 
273245.18 
273245.31 
273245.44 
273245.57 
273245.69 
273245.82 
273245.95 
273246.07 
273246.20 
273246.32 
273246.45 
273246.58 
273246.71 
273246.84 
273246.97 
273247.09 
273247.22 
273247.35 
273247.47 
273247.60 
273247.73 
273247.86 
273247.99 
273248.12 
273248.24 
273248.37 
273248.50 
273248.63 
273248.75 
273248.88 
273249.01 
273249.13 
273249.27 
273249.40 
273249.54 
273249.67 
273249.80 
273249.92 
273250.05 
273250.18 
273250.31 
273250.44 
273250.57 
273250.71 
273250.84 
273250.96 
273251.09 
273251.22 
273251.35 
273251.48 
273251.60 
273251.73 
273251.86 
273251.99 
273252.12 
273252.25 
273252.38 
273252.50 
273252.63 
273252.76 
273252.89 
273253.01 
273253.14 
273253.27 
273253.40 
273253.52 
273253.65 
273253.78 
273253.91 
273254.04 
273254.16 
273254.29 
273254.42 
273254.55 
273254.67 
273254.80 
273254.92 
273255.05 
273255.18 
273255.31 
273255.44 
273255.57 
273255.69 
273255.82 
273255.94 
273256.06 
273256.18 
273256.31 
273256.46 
273256.59 
273256.72 
273256.84 
273256.97 
273257.10 
273257.23 
273257.36 
273257.49 
273257.62 
273257.74 
273257.87 
273257.99 
273258.12 
273258.24 
273258.37 
273258.50 
273258.63 
273258.75 
273258.87 
273259.00 
273259.13 
273259.26 
273259.38 
273259.51 
273259.64 
273259.76 
273259.89 
273260.02 
273260.14 
273260.27 
273260.40 
273260.53 
273260.65 
273260.78 
273260.91 
273261.04 
273261.18 
273261.31 
273261.44 
273261.57 
273261.70 
273261.83 
273261.96 
273262.09 
273262.22 
273262.34 
273262.47 
273262.60 
273262.73 
273262.87 
273262.99 
273263.12 
273263.25 
273263.38 
273263.51 
273263.64 
273263.76 
273263.89 
273264.02 
273264.15 
273264.28 
273264.41 
273264.53 
273264.66 
273264.80 
273264.93 
273265.05 
273265.18 
273265.31 
273265.44 
273265.57 
273265.70 
273265.82 
273265.95 
273266.08 
273266.21 
273266.34 
273266.46 
273266.59 
273266.72 
273266.85 
273266.98 
273267.10 
273267.23 
273267.36 
273267.49 
273267.62 
273267.75 
273267.88 
273268.01 
273268.13 
273268.26 
273268.39 
273268.52 
273268.65 
273268.77 
273268.90 
273269.03 
273269.15 
273269.28 
273269.40 
273269.53 
273269.65 
273269.78 
273269.91 
273270.04 
273270.17 
273270.29 
273270.42 
273270.55 
273270.67 
273270.80 
273270.93 
273271.06 
273271.19 
273271.31 
273271.44 
273271.56 
273271.67 
273271.79 
273271.92 
273272.05 
273272.18 
273272.31 
273272.44 
273272.56 
273272.69 
273272.82 
273272.95 
273273.07 
273273.20 
273273.32 
273273.46 
273273.59 
273273.72 
273273.84 
273273.97 
273274.10 
273274.23 
273274.36 
273274.49 
273274.62 
273274.74 
273274.87 
273275.00 
273275.13 
273275.26 
273275.38 
273275.51 
273275.64 
273275.76 
273275.89 
273276.02 
273276.15 
273276.28 
273276.41 
273276.54 
273276.66 
273276.79 
273276.92 
273277.05 
273277.18 
273277.31 
273277.44 
273277.57 
273277.72 
273277.85 
273277.98 
273278.11 
273278.26 
273278.39 
273278.52 
273278.64 
273278.77 
273278.89 
273279.02 
273279.17 
273279.29 
273279.41 
273279.54 
273279.67 
273279.80 
273279.92 
273280.05 
273280.18 
273280.31 
273280.44 
273280.56 
273280.71 
273280.84 
273280.97 
273281.09 
273281.22 
273281.35 
273281.49 
273281.62 
273281.75 
273281.87 
273282.00 
273282.13 
273282.26 
273282.39 
273282.52 
273282.65 
273282.78 
273282.90 
273283.03 
273283.16 
273283.29 
273283.41 
273283.54 
273283.67 
273283.80 
273283.92 
273284.05 
273284.18 
273284.31 
273284.44 
273284.57 
273284.69 
273284.82 
273284.95 
273285.08 
273285.21 
273285.35 
273285.48 
273285.61 
273285.74 
273285.87 
273286.00 
273286.13 
273286.26 
273286.38 
273286.51 
273286.64 
273286.77 
273286.88 
273287.01 
273287.13 
273287.25 
273287.38 
273287.51 
273287.65 
273287.78 
273287.91 
273288.04 
273288.16 
273288.28 
273288.41 
273288.54 
273288.67 
273288.80 
273288.93 
273289.06 
273289.18 
273289.31 
273289.43 
273289.56 
273289.69 
273289.81 
273289.94 
273290.07 
273290.20 
273290.32 
273290.45 
273290.58 
273290.71 
273290.84 
273290.96 
273291.09 
273291.21 
273291.34 
273291.46 
273291.59 
273291.72 
273291.84 
273291.97 
273292.10 
273292.23 
273292.36 
273292.49 
273292.61 
273292.74 
273292.87 
273293.00 
273293.12 
273293.25 
273293.38 
273293.51 
273293.64 
273293.77 
273293.89 
273294.02 
273294.15 
273294.28 
273294.41 
273294.53 
273294.66 
273294.79 
273294.92 
273295.05 
273295.18 
273295.30 
273295.43 
273295.56 
273295.69 
273295.81 
273295.94 
273296.07 
273296.20 
273296.33 
273296.46 
273296.58 
273296.71 
273296.84 
273296.97 
273297.09 
273297.22 
273297.35 
273297.48 
273297.61 
273297.73 
273297.86 
273297.99 
273298.12 
273298.25 
273298.38 
273298.50 
273298.63 
273298.76 
273298.89 
273299.01 
273299.14 
273299.28 
273299.41 
273299.54 
273299.67 
273299.79 
273299.92 
273300.05 
273300.18 
273300.31 
273300.43 
273300.56 
273300.69 
273300.81 
273300.94 
273301.07 
273301.20 
273301.33 
273301.46 
273301.58 
273301.71 
273301.85 
273301.98 
273302.11 
273302.24 
273302.36 
273302.49 
273302.62 
273302.75 
273302.88 
273303.01 
273303.13 
273303.25 
273303.38 
273303.51 
273303.64 
273303.77 
273303.89 
273304.02 
273304.15 
273304.28 
273304.40 
273304.53 
273304.66 
273304.80 
273304.95 
273305.08 
273305.20 
273305.33 
273305.46 
273305.59 
273305.72 
273305.84 
273305.97 
273306.10 
273306.22 
273306.35 
273306.48 
273306.61 
273306.74 
273306.86 
273306.99 
273307.12 
273307.25 
273307.38 
273307.50 
273307.63 
273307.76 
273307.91 
273308.04 
273308.17 
273308.30 
273308.43 
273308.56 
273308.69 
273308.82 
273308.96 
273309.08 
273309.21 
273309.34 
273309.47 
273309.62 
273309.75 
273309.87 
273310.00 
273310.12 
273310.25 
273310.38 
273310.51 
273310.64 
273310.77 
273310.90 
273311.03 
273311.16 
273311.28 
273311.41 
273311.54 
273311.67 
273311.80 
273311.93 
273312.05 
273312.18 
273312.31 
273312.44 
273312.57 
273312.69 
273312.82 
273312.95 
273313.07 
273313.20 
273313.33 
273313.46 
273313.59 
273313.71 
273313.84 
273313.97 
273314.10 
273314.22 
273314.35 
273314.47 
273314.60 
273314.72 
273314.85 
273314.97 
273315.10 
273315.23 
273315.36 
273315.49 
273315.62 
273315.74 
273315.87 
273316.00 
273316.13 
273316.26 
273316.38 
273316.51 
273316.64 
273316.76 
273316.89 
273317.02 
273317.15 
273317.28 
273317.41 
273317.54 
273317.67 
273317.79 
273317.91 
273318.03 
273318.16 
273318.28 
273318.41 
273318.54 
273318.68 
273318.80 
273318.93 
273319.06 
273319.19 
273319.31 
273319.44 
273319.57 
273319.70 
273319.83 
273319.96 
273320.09 
273320.22 
273320.34 
273320.47 
273320.60 
273320.73 
273320.85 
273320.98 
273321.11 
273321.24 
273321.37 
273321.49 
273321.62 
273321.75 
273321.88 
273322.01 
273322.13 
273322.26 
273322.39 
273322.52 
273322.64 
273322.77 
273322.90 
273323.03 
273323.16 
273323.29 
273323.41 
273323.54 
273323.67 
273323.80 
273323.93 
273324.05 
273324.19 
273324.32 
273324.44 
273324.57 
273324.70 
273324.83 
273324.96 
273325.09 
273325.22 
273325.34 
273325.47 
273325.60 
273325.75 
273325.88 
273326.00 
273326.13 
273326.26 
273326.39 
273326.52 
273326.64 
273326.77 
273326.90 
273327.03 
273327.16 
273327.29 
273327.41 
273327.54 
273327.67 
273327.80 
273327.92 
273328.05 
273328.17 
273328.30 
273328.43 
273328.56 
273328.69 
273328.82 
273328.94 
273329.07 
273329.20 
273329.32 
273329.45 
273329.58 
273329.71 
273329.84 
273329.97 
273330.10 
273330.22 
273330.35 
273330.48 
273330.61 
273330.74 
273330.87 
273330.99 
273331.12 
273331.24 
273331.38 
273331.50 
273331.63 
273331.76 
273331.89 
273332.01 
273332.14 
273332.28 
273332.40 
273332.53 
273332.66 
273332.79 
273332.92 
273333.05 
273333.17 
273333.30 
273333.42 
273333.54 
273333.66 
273333.79 
273333.92 
273334.05 
273334.18 
273334.30 
273334.43 
273334.56 
273334.69 
273334.81 
273334.94 
273335.07 
273335.20 
273335.33 
273335.46 
273335.58 
273335.73 
273335.86 
273335.98 
273336.11 
273336.24 
273336.37 
273336.50 
273336.62 
273336.75 
273336.88 
273337.00 
273337.13 
273337.26 
273337.40 
273337.53 
273337.65 
273337.78 
273337.91 
273338.04 
273338.16 
273338.29 
273338.42 
273338.55 
273338.68 
273338.81 
273338.93 
273339.06 
273339.19 
273339.31 
273339.44 
273339.57 
273339.70 
273339.83 
273339.96 
273340.08 
273340.22 
273340.35 
273340.48 
273340.61 
273340.74 
273340.86 
273340.99 
273341.12 
273341.25 
273341.38 
273341.50 
273341.63 
273341.76 
273341.88 
273342.01 
273342.14 
273342.26 
273342.38 
273342.50 
273342.63 
273342.75 
273342.87 
273343.00 
273343.13 
273343.25 
273343.38 
273343.50 
273343.63 
273343.76 
273343.89 
273344.01 
273344.14 
273344.27 
273344.40 
273344.53 
273344.66 
273344.79 
273344.92 
273345.04 
273345.17 
273345.30 
273345.43 
273345.56 
273345.69 
273345.81 
273345.94 
273346.07 
273346.20 
273346.33 
273346.45 
273346.58 
273346.71 
273346.84 
273346.97 
273347.11 
273347.24 
273347.37 
273347.49 
273347.60 
273347.72 
273347.84 
273347.96 
273348.08 
273348.19 
273348.32 
273348.44 
273348.57 
273348.70 
273348.82 
273348.93 
273349.05 
273349.17 
273349.30 
273349.42 
273349.55 
273349.68 
273349.81 
273349.94 
273350.07 
273350.21 
273350.34 
273350.47 
273350.59 
273350.72 
273350.84 
273350.95 
273351.06 
273351.18 
273351.29 
273351.40 
273351.51 
273351.62 
273351.73 
273351.84 
273351.95 
273352.06 
273352.18 
273352.30 
273352.42 
273352.55 
273352.67 
273352.80 
273352.92 
273353.04 
273353.17 
273353.29 
273353.42 
273353.54 
273353.66 
273353.78 
273353.90 
273354.03 
273354.15 
273354.27 
273354.40 
273354.52 
273354.65 
273354.78 
273354.90 
273355.03 
273355.16 
273355.28 
273355.41 
273355.54 
273355.67 
273355.80 
273355.92 
273356.05 
273356.18 
273356.30 
273356.43 
273356.56 
273356.68 
273356.80 
273356.93 
273357.06 
273357.19 
273357.32 
273357.44 
273357.58 
273357.71 
273357.84 
273357.97 
273358.09 
273358.22 
273358.35 
273358.48 
273358.61 
273358.74 
273358.86 
273358.99 
273359.12 
273359.25 
273359.37 
273359.50 
273359.63 
273359.76 
273359.89 
273360.01 
273360.14 
273360.26 
273360.39 
273360.51 
273360.64 
273360.77 
273360.90 
273361.02 
273361.14 
273361.26 
273361.39 
273361.51 
273361.63 
273361.76 
273361.88 
273362.01 
273362.14 
273362.27 
273362.40 
273362.53 
273362.66 
273362.79 
273362.92 
273363.04 
273363.17 
273363.29 
273363.42 
273363.55 
273363.68 
273363.81 
273363.94 
273364.07 
273364.20 
273364.32 
273364.44 
273364.56 
273364.68 
273364.80 
273364.93 
273365.06 
273365.19 
273365.31 
273365.44 
273365.57 
273365.70 
273365.82 
273365.95 
273366.08 
273366.20 
273366.32 
273366.45 
273366.58 
273366.70 
273366.83 
273366.96 
273367.08 
273367.23 
273367.36 
273367.49 
273367.63 
273367.76 
273367.88 
273368.01 
273368.14 
273368.27 
273368.40 
273368.52 
273368.65 
273368.77 
273368.90 
273369.03 
273369.16 
273369.28 
273369.41 
273369.55 
273369.68 
273369.81 
273369.94 
273370.06 
273370.19 
273370.32 
273370.45 
273370.58 
273370.70 
273370.83 
273370.96 
273371.08 
273371.21 
273371.34 
273371.47 
273371.60 
273371.72 
273371.85 
273371.98 
273372.11 
273372.24 
273372.37 
273372.50 
273372.62 
273372.75 
273372.88 
273373.01 
273373.13 
273373.26 
273373.39 
273373.52 
273373.65 
273373.77 
273373.90 
273374.03 
273374.16 
273374.28 
273374.41 
273374.54 
273374.67 
273374.80 
273374.92 
273375.05 
273375.18 
273375.31 
273375.44 
273375.57 
273375.70 
273375.82 
273375.95 
273376.08 
273376.21 
273376.34 
273376.47 
273376.59 
273376.72 
273376.85 
273376.98 
273377.11 
273377.24 
273377.36 
273377.49 
273377.62 
273377.75 
273377.88 
273378.01 
273378.13 
273378.26 
273378.39 
273378.52 
273378.65 
273378.77 
273378.90 
273379.02 
273379.15 
273379.28 
273379.40 
273379.53 
273379.66 
273379.79 
273379.91 
273380.04 
273380.17 
273380.29 
273380.41 
273380.54 
273380.68 
273380.80 
273380.93 
273381.06 
273381.19 
273381.33 
273381.45 
273381.58 
273381.71 
273381.84 
273381.97 
273382.09 
273382.22 
273382.35 
273382.48 
273382.60 
273382.73 
273382.86 
273383.01 
273383.13 
273383.26 
273383.39 
273383.52 
273383.65 
273383.78 
273383.90 
273384.03 
273384.16 
273384.28 
273384.41 
273384.54 
273384.66 
273384.79 
273384.92 
273385.05 
273385.18 
273385.30 
273385.43 
273385.56 
273385.69 
273385.81 
273385.94 
273386.07 
273386.20 
273386.32 
273386.45 
273386.58 
273386.71 
273386.84 
273386.97 
273387.09 
273387.22 
273387.35 
273387.48 
273387.61 
273387.74 
273387.86 
273387.99 
273388.12 
273388.24 
273388.37 
273388.50 
273388.63 
273388.76 
273388.90 
273389.03 
273389.16 
273389.28 
273389.40 
273389.53 
273389.66 
273389.79 
273389.92 
273390.05 
273390.18 
273390.31 
273390.43 
273390.56 
273390.69 
273390.81 
273390.94 
273391.07 
273391.20 
273391.32 
273391.45 
273391.58 
273391.71 
273391.84 
273391.97 
273392.10 
273392.22 
273392.35 
273392.48 
273392.61 
273392.74 
273392.87 
273392.99 
273393.12 
273393.25 
273393.39 
273393.52 
273393.65 
273393.77 
273393.90 
273394.03 
273394.15 
273394.28 
273394.41 
273394.53 
273394.66 
273394.79 
273394.92 
273395.05 
273395.18 
273395.30 
273395.43 
273395.54 
273395.65 
273395.77 
273395.90 
273396.03 
273396.16 
273396.29 
273396.41 
273396.54 
273396.68 
273396.81 
273396.93 
273397.06 
273397.19 
273397.32 
273397.44 
273397.58 
273397.70 
273397.83 
273397.96 
273398.09 
273398.21 
273398.34 
273398.47 
273398.59 
273398.72 
273398.85 
273398.98 
273399.11 
273399.24 
273399.36 
273399.49 
273399.62 
273399.75 
273399.88 
273400.01 
273400.14 
273400.26 
273400.39 
273400.52 
273400.65 
273400.77 
273400.90 
273401.03 
273401.16 
273401.29 
273401.42 
273401.54 
273401.67 
273401.80 
273401.93 
273402.06 
273402.18 
273402.31 
273402.44 
273402.57 
273402.69 
273402.82 
273402.95 
273403.08 
273403.20 
273403.33 
273403.46 
273403.59 
273403.71 
273403.84 
273403.97 
273404.10 
273404.22 
273404.35 
273404.48 
273404.61 
273404.74 
273404.87 
273405.00 
273405.12 
273405.25 
273405.38 
273405.51 
273405.64 
273405.77 
273405.91 
273406.04 
273406.16 
273406.29 
273406.42 
273406.56 
273406.69 
273406.82 
273406.95 
273407.07 
273407.20 
273407.33 
273407.46 
273407.58 
273407.71 
273407.84 
273407.97 
273408.10 
273408.22 
273408.35 
273408.48 
273408.61 
273408.74 
273408.86 
273408.99 
273409.12 
273409.25 
273409.37 
273409.50 
273409.63 
273409.76 
273409.89 
273410.02 
273410.15 
273410.27 
273410.40 
273410.53 
273410.65 
273410.78 
273410.93 
273411.05 
273411.18 
273411.30 
273411.43 
273411.55 
273411.68 
273411.81 
273411.94 
273412.07 
273412.20 
273412.32 
273412.45 
273412.58 
273412.71 
273412.84 
273412.97 
273413.09 
273413.22 
273413.35 
273413.48 
273413.60 
273413.73 
273413.86 
273413.99 
273414.12 
273414.26 
273414.38 
273414.51 
273414.64 
273414.77 
273414.89 
273415.02 
273415.14 
273415.27 
273415.40 
273415.53 
273415.65 
273415.78 
273415.91 
273416.04 
273416.16 
273416.29 
273416.41 
273416.54 
273416.67 
273416.79 
273416.92 
273417.05 
273417.20 
273417.32 
273417.45 
273417.58 
273417.71 
273417.84 
273417.97 
273418.10 
273418.22 
273418.35 
273418.48 
273418.60 
273418.73 
273418.86 
273418.99 
273419.12 
273419.25 
273419.37 
273419.50 
273419.63 
273419.76 
273419.90 
273420.03 
273420.16 
273420.29 
273420.41 
273420.54 
273420.67 
273420.80 
273420.93 
273421.05 
273421.18 
273421.31 
273421.43 
273421.55 
273421.68 
273421.79 
273421.93 
273422.06 
273422.17 
273422.28 
273422.39 
273422.52 
273422.66 
273422.79 
273422.91 
273423.03 
273423.17 
273423.29 
273423.41 
273423.53 
273423.67 
273423.80 
273423.93 
273424.04 
273424.17 
273424.31 
273424.43 
273424.56 
273424.69 
273424.82 
273424.95 
273425.07 
273425.19 
273425.30 
273425.42 
273425.55 
273425.66 
273425.79 
273425.89 
273426.00 
273426.12 
273426.23 
273426.34 
273426.45 
273426.57 
273426.68 
273426.79 
273426.91 
273427.03 
273427.16 
273427.27 
273427.39 
273427.52 
273427.64 
273427.76 
273427.88 
273428.00 
273428.12 
273428.26 
273428.38 
273428.50 
273428.61 
273428.72 
273428.82 
273428.93 
273429.04 
273429.16 
273429.30 
273429.41 
273429.51 
273429.62 
273429.74 
273429.86 
273429.97 
273430.10 
273430.21 
273430.35 
273430.47 
273430.59 
273430.71 
273430.83 
273430.94 
273431.06 
273431.17 
273431.29 
273431.42 
273431.55 
273431.67 
273431.78 
273431.89 
273432.00 
273432.12 
273432.23 
273432.35 
273432.46 
273432.60 
273432.71 
273432.83 
273432.95 
273433.06 
273433.18 
273433.29 
273433.40 
273433.52 
273433.63 
273433.75 
273433.86 
273433.97 
273434.08 
273434.18 
273434.29 
273434.40 
273434.52 
273434.63 
273434.74 
273434.86 
273434.97 
273435.08 
273435.19 
273435.29 
273435.40 
273435.51 
273435.62 
273435.74 
273435.85 
273435.96 
273436.09 
273436.23 
273436.33 
273436.44 
273436.55 
273436.66 
273436.77 
273436.90 
273437.03 
273437.14 
273437.25 
273437.37 
273437.49 
273437.61 
273437.73 
273437.86 
273437.99 
273438.12 
273438.25 
273438.37 
273438.49 
273438.61 
273438.74 
273438.86 
273438.99 
273439.11 
273439.23 
273439.36 
273439.47 
273439.59 
273439.71 
273439.83 
273439.95 
273440.08 
273440.19 
273440.31 
273440.43 
273440.55 
273440.66 
273440.78 
273440.90 
273441.02 
273441.15 
273441.27 
273441.39 
273441.51 
273441.64 
273441.76 
273441.90 
273442.02 
273442.14 
273442.26 
273442.38 
273442.50 
273442.63 
273442.76 
273442.88 
273443.00 
273443.12 
273443.25 
273443.37 
273443.49 
273443.61 
273443.75 
273443.88 
273444.01 
273444.14 
273444.26 
273444.38 
273444.50 
273444.62 
273444.76 
273444.89 
273445.01 
273445.14 
273445.25 
273445.38 
273445.50 
273445.62 
273445.74 
273445.86 
273445.99 
273446.11 
273446.24 
273446.38 
273446.49 
273446.60 
273446.73 
273446.84 
273446.96 
273447.08 
273447.21 
273447.32 
273447.44 
273447.56 
273447.69 
273447.79 
273447.90 
273448.03 
273448.15 
273448.26 
273448.38 
273448.50 
273448.62 
273448.73 
273448.84 
273448.96 
273449.07 
273449.19 
273449.30 
273449.41 
273449.53 
273449.65 
273449.76 
273449.89 
273450.00 
273450.13 
273450.25 
273450.36 
273450.48 
273450.61 
273450.72 
273450.85 
273450.96 
273451.08 
273451.20 
273451.31 
273451.42 
273451.55 
273451.67 
273451.78 
273451.90 
273452.02 
273452.14 
273452.26 
273452.37 
273452.50 
273452.62 
273452.74 
273452.87 
273452.99 
273453.11 
273453.23 
273453.34 
273453.46 
273453.58 
273453.71 
273453.83 
273453.95 
273454.07 
273454.19 
273454.31 
273454.42 
273454.54 
273454.66 
273454.78 
273454.90 
273455.01 
273455.13 
273455.25 
273455.36 
273455.48 
273455.61 
273455.72 
273455.84 
273455.97 
273456.09 
273456.21 
273456.33 
273456.45 
273456.57 
273456.69 
273456.81 
273456.93 
273457.06 
273457.18 
273457.30 
273457.42 
273457.54 
273457.67 
273457.79 
273457.91 
273458.02 
273458.14 
273458.27 
273458.39 
273458.52 
273458.63 
273458.75 
273458.87 
273458.99 
273459.10 
273459.22 
273459.34 
273459.46 
273459.58 
273459.70 
273459.82 
273459.95 
273460.07 
273460.19 
273460.30 
273460.42 
273460.55 
273460.67 
273460.78 
273460.90 
273461.03 
273461.15 
273461.27 
273461.38 
273461.50 
273461.62 
273461.74 
273461.86 
273461.99 
273462.11 
273462.23 
273462.36 
273462.48 
273462.60 
273462.73 
273462.84 
273462.96 
273463.08 
273463.20 
273463.34 
273463.46 
273463.58 
273463.70 
273463.82 
273463.94 
273464.06 
273464.18 
273464.30 
273464.43 
273464.54 
273464.66 
273464.77 
273464.89 
273465.01 
273465.13 
273465.25 
273465.37 
273465.49 
273465.61 
273465.73 
273465.86 
273465.98 
273466.10 
273466.21 
273466.32 
273466.45 
273466.57 
273466.69 
273466.81 
273466.93 
273467.05 
273467.17 
273467.29 
273467.42 
273467.54 
273467.68 
273467.79 
273467.91 
273468.03 
273468.14 
273468.26 
273468.38 
273468.50 
273468.64 
273468.76 
273468.87 
273469.00 
273469.12 
273469.24 
273469.38 
273469.51 
273469.64 
273469.75 
273469.87 
273469.99 
273470.10 
273470.23 
273470.35 
273470.46 
273470.59 
273470.70 
273470.82 
273470.95 
273471.07 
273471.19 
273471.31 
273471.43 
273471.56 
273471.68 
273471.80 
273471.92 
273472.04 
273472.16 
273472.28 
273472.40 
273472.52 
273472.64 
273472.75 
273472.88 
273472.99 
273473.13 
273473.25 
273473.38 
273473.49 
273473.60 
273473.72 
273473.85 
273473.97 
273474.09 
273474.21 
273474.32 
273474.45 
273474.57 
273474.68 
273474.79 
273474.91 
273475.02 
273475.14 
273475.26 
273475.38 
273475.49 
273475.61 
273475.72 
273475.84 
273475.97 
273476.10 
273476.21 
273476.34 
273476.45 
273476.57 
273476.70 
273476.81 
273476.94 
273477.04 
273477.16 
273477.28 
273477.41 
273477.53 
273477.64 
273477.76 
273477.88 
273478.00 
273478.12 
273478.24 
273478.36 
273478.47 
273478.59 
273478.71 
273478.82 
273478.94 
273479.06 
273479.18 
273479.32 
273479.43 
273479.55 
273479.67 
273479.80 
273479.94 
273480.07 
273480.19 
273480.30 
273480.43 
273480.56 
273480.68 
273480.80 
273480.92 
273481.04 
273481.15 
273481.26 
273481.38 
273481.49 
273481.62 
273481.75 
273481.88 
273482.00 
273482.12 
273482.23 
273482.36 
273482.47 
273482.59 
273482.71 
273482.82 
273482.95 
273483.07 
273483.19 
273483.31 
273483.43 
273483.55 
273483.67 
273483.79 
273483.93 
273484.06 
273484.18 
273484.30 
273484.42 
273484.54 
273484.66 
273484.78 
273484.91 
273485.04 
273485.16 
273485.28 
273485.40 
273485.51 
273485.63 
273485.76 
273485.88 
273486.00 
273486.12 
273486.25 
273486.37 
273486.49 
273486.61 
273486.72 
273486.85 
273486.97 
273487.09 
273487.21 
273487.34 
273487.46 
273487.58 
273487.70 
273487.82 
273487.95 
273488.06 
273488.18 
273488.30 
273488.42 
273488.54 
273488.67 
273488.78 
273488.89 
273489.02 
273489.13 
273489.25 
273489.36 
273489.48 
273489.60 
273489.72 
273489.84 
273489.96 
273490.07 
273490.19 
273490.31 
273490.43 
273490.55 
273490.68 
273490.81 
273490.93 
273491.04 
273491.16 
273491.29 
273491.41 
273491.52 
273491.64 
273491.76 
273491.88 
273492.01 
273492.12 
273492.23 
273492.35 
273492.48 
273492.60 
273492.73 
273492.85 
273492.97 
273493.09 
273493.21 
273493.33 
273493.44 
273493.56 
273493.69 
273493.81 
273493.92 
273494.04 
273494.16 
273494.27 
273494.38 
273494.51 
273494.63 
273494.75 
273494.86 
273494.99 
273495.11 
273495.25 
273495.37 
273495.49 
273495.60 
273495.72 
273495.84 
273495.96 
273496.09 
273496.20 
273496.33 
273496.45 
273496.57 
273496.69 
273496.82 
273496.93 
273497.05 
273497.17 
273497.28 
273497.40 
273497.54 
273497.65 
273497.77 
273497.90 
273498.02 
273498.12 
273498.25 
273498.37 
273498.48 
273498.60 
273498.72 
273498.83 
273498.95 
273499.07 
273499.19 
273499.32 
273499.44 
273499.56 
273499.67 
273499.79 
273499.91 
273500.02 
273500.13 
273500.25 
273500.37 
273500.48 
273500.60 
273500.73 
273500.86 
273500.98 
273501.10 
273501.22 
273501.35 
273501.47 
273501.58 
273501.69 
273501.81 
273501.93 
273502.05 
273502.17 
273502.29 
273502.42 
273502.54 
273502.66 
273502.78 
273502.90 
273503.02 
273503.13 
273503.25 
273503.36 
273503.48 
273503.61 
273503.73 
273503.85 
273503.98 
273504.10 
273504.21 
273504.33 
273504.46 
273504.58 
273504.70 
273504.81 
273504.94 
273505.06 
273505.18 
273505.30 
273505.41 
273505.53 
273505.64 
273505.76 
273505.89 
273506.00 
273506.12 
273506.24 
273506.36 
273506.48 
273506.59 
273506.70 
273506.83 
273506.95 
273507.08 
273507.20 
273507.33 
273507.46 
273507.59 
273507.72 
273507.84 
273507.97 
