# up 
21577.86 
21577.98 
21578.10 
21578.24 
21579.59 
21580.81 
21582.06 
21583.27 
21584.51 
21585.75 
21586.96 
21588.19 
21589.41 
21589.53 
21590.76 
21591.99 
21593.23 
21594.46 
21596.80 
21598.04 
21598.43 
21598.55 
21599.67 
21599.79 
21599.92 
21600.04 
21600.22 
21600.34 
21600.47 
21600.60 
21601.72 
21601.83 
21603.05 
21604.17 
21604.29 
21604.42 
21604.54 
21605.39 
21606.62 
21606.73 
21608.16 
21609.41 
21610.52 
21611.76 
21612.97 
21614.19 
21615.42 
21615.54 
21616.66 
21617.88 
21619.11 
21619.22 
21621.57 
21622.80 
21622.92 
21624.13 
21625.26 
21626.51 
21627.72 
21628.94 
21629.06 
21630.29 
21632.63 
21632.91 
21633.02 
21633.14 
21633.27 
21633.40 
21633.52 
21633.65 
21633.78 
21633.90 
21634.02 
21634.15 
21634.28 
21634.40 
21634.53 
21634.66 
21634.79 
21636.12 
21637.36 
21637.48 
21638.56 
21638.67 
21639.89 
21641.04 
21641.15 
21642.25 
21643.48 
21644.71 
21645.95 
21646.06 
21646.23 
21647.58 
21648.81 
21650.04 
21651.26 
21651.58 
21651.70 
21651.83 
21651.95 
21652.08 
21652.21 
21652.33 
21652.46 
21652.59 
21652.71 
21652.84 
21652.97 
21653.10 
21653.23 
21653.35 
21653.48 
21653.60 
21654.96 
21655.07 
21656.29 
21657.64 
21657.75 
21659.06 
21659.18 
21660.48 
21660.59 
21661.71 
21661.83 
21663.04 
21663.17 
21664.37 
21665.59 
21666.42 
21666.54 
21666.67 
21666.79 
21667.04 
21667.20 
21667.31 
21667.43 
21667.67 
21667.78 
21667.89 
21668.03 
21668.14 
21668.25 
21668.36 
21668.47 
21668.57 
21668.68 
21668.79 
21669.70 
21670.94 
21672.16 
21673.40 
21674.62 
21675.86 
21677.08 
21678.30 
21679.54 
21680.77 
21681.98 
21683.21 
21684.46 
21685.69 
21685.80 
21687.01 
21688.15 
21689.38 
21690.60 
21691.82 
21693.04 
21694.29 
21695.50 
21696.75 
21697.97 
21699.20 
21700.42 
21701.65 
21702.89 
21704.11 
21705.36 
21706.57 
21707.81 
21709.03 
21710.25 
21711.47 
21712.72 
21712.85 
21712.97 
21714.37 
21715.58 
21716.81 
21718.05 
21719.27 
21720.51 
21721.72 
21722.96 
21724.18 
21725.42 
21726.64 
21727.88 
21729.10 
21730.33 
21731.56 
21732.78 
21732.99 
21733.10 
21733.20 
21733.33 
21733.44 
21733.55 
21733.69 
21734.88 
21736.08 
21737.30 
21738.54 
21739.76 
21740.98 
21742.22 
21743.45 
21744.68 
21745.92 
21747.13 
21747.96 
21748.19 
21748.32 
21749.58 
21750.82 
21752.04 
21753.27 
21754.50 
21755.74 
21756.95 
21758.20 
21759.42 
21759.53 
21761.88 
21763.10 
21764.33 
21765.55 
21766.78 
21768.01 
21768.12 
21769.24 
21770.48 
21771.71 
21771.83 
21774.15 
21774.26 
21775.38 
21776.62 
21777.86 
21778.66 
21778.81 
21778.93 
21780.30 
21781.53 
21782.76 
21783.99 
21785.22 
21786.45 
21787.68 
21788.90 
21790.15 
21791.36 
21792.59 
21793.82 
21795.05 
21796.28 
21796.39 
21797.51 
21797.62 
21798.86 
21799.15 
21800.37 
21800.48 
21800.60 
21800.73 
21800.86 
21800.98 
21801.10 
21801.23 
21802.42 
21802.53 
21803.68 
21804.89 
21805.01 
21806.22 
21807.35 
21808.57 
21809.80 
21811.02 
21812.26 
21813.48 
21814.71 
21815.93 
21816.05 
21818.39 
21819.62 
21820.85 
21822.07 
21822.19 
21824.55 
21824.66 
21825.87 
21827.00 
21827.13 
21829.45 
21830.68 
21831.91 
21833.14 
21833.25 
21834.47 
21835.60 
21836.83 
21838.05 
21839.30 
21840.52 
21841.74 
21842.97 
21844.20 
21845.43 
21846.25 
21846.40 
21846.52 
21846.64 
21848.00 
21850.34 
21851.58 
21852.81 
21854.02 
21855.25 
21856.48 
21857.72 
21859.36 
21859.47 
21860.69 
21861.81 
21863.05 
21864.27 
21864.38 
21865.50 
21866.73 
21866.87 
21866.98 
21867.09 
21867.22 
21867.34 
21867.46 
21867.98 
21868.57 
21869.80 
21871.02 
21872.25 
21873.48 
21874.73 
21875.94 
21877.17 
21878.40 
21879.63 
21880.87 
21880.98 
21882.09 
21883.31 
21884.55 
21885.79 
21887.00 
21888.22 
21889.47 
21890.68 
21891.93 
21893.16 
21894.36 
21895.62 
21896.83 
21898.07 
21899.29 
21900.51 
21901.75 
21902.97 
21903.09 
21903.22 
21904.41 
21905.64 
21906.86 
21908.10 
21909.33 
21910.55 
21911.78 
21913.00 
21913.13 
21914.44 
21914.56 
21916.92 
21918.13 
21919.36 
21919.48 
21921.82 
21923.05 
21923.17 
21924.49 
21925.71 
21926.93 
21928.17 
21928.29 
21930.63 
21931.85 
21933.08 
21933.29 
21933.40 
21933.51 
21934.72 
21934.84 
21934.96 
21935.12 
21935.24 
21935.36 
21935.48 
21936.37 
21937.58 
21938.71 
21940.07 
21941.29 
21942.51 
21943.75 
21944.98 
21946.21 
21947.43 
21948.66 
21949.88 
21951.11 
21952.34 
21953.57 
21954.80 
21956.04 
21957.26 
21958.48 
21959.72 
21960.95 
21962.16 
21963.40 
21964.62 
21965.85 
21967.09 
21967.48 
21967.63 
21967.76 
21968.31 
21969.55 
21970.78 
21972.01 
21973.23 
21974.47 
21975.70 
21976.51 
21976.74 
21976.87 
21978.15 
21979.37 
21980.60 
21980.72 
21980.84 
21980.97 
21983.46 
21984.69 
21985.93 
21986.05 
21987.98 
21988.25 
21988.37 
21989.60 
21990.83 
21990.94 
21992.06 
21992.17 
21994.52 
21995.75 
21995.86 
21996.99 
21998.21 
21998.32 
21999.57 
22000.78 
22001.02 
22001.15 
22001.27 
22001.39 
22001.53 
22001.65 
22001.77 
22001.89 
22002.02 
22002.15 
22002.27 
22002.40 
22002.93 
22004.14 
22005.41 
22006.61 
22007.83 
22009.06 
22010.29 
22011.52 
22012.74 
22012.85 
22013.98 
22015.21 
22015.33 
22016.54 
22017.66 
22018.89 
22019.00 
22020.23 
22021.35 
22022.59 
22023.82 
22025.04 
22026.28 
22027.49 
22028.73 
22029.96 
22030.08 
22031.29 
22032.41 
22032.52 
22033.74 
22034.88 
22036.10 
22037.33 
22038.55 
22039.78 
22041.02 
22042.25 
22043.47 
22044.71 
22045.93 
22047.16 
22047.30 
22047.42 
22048.79 
22050.02 
22050.13 
22051.25 
22052.48 
22053.70 
22055.34 
22056.58 
22057.81 
22059.03 
22060.26 
22061.48 
22062.71 
22063.95 
22064.07 
22066.40 
22067.64 
22067.76 
22067.90 
22068.03 
22068.16 
22068.29 
22068.42 
22068.54 
22069.68 
22070.92 
22072.14 
22073.36 
22074.60 
22075.83 
22077.04 
22078.27 
22079.52 
22079.64 
22081.97 
22083.61 
22084.43 
22084.67 
22084.79 
22086.06 
22087.29 
22088.52 
22089.74 
22090.97 
22092.20 
22093.43 
22094.65 
22095.88 
22097.12 
22098.36 
22099.58 
22100.81 
22102.04 
22103.25 
22104.49 
22105.73 
22106.95 
22108.18 
22109.41 
22109.53 
22110.65 
22111.87 
22111.99 
22113.10 
22113.92 
22114.07 
22114.19 
22115.55 
22115.66 
22116.79 
22118.01 
22119.25 
22120.47 
22121.70 
22122.92 
22124.16 
22125.38 
22126.62 
22128.05 
22129.28 
22130.50 
22130.62 
22132.96 
22134.18 
22134.30 
22134.42 
22134.54 
22134.67 
22134.78 
22134.91 
22135.03 
22135.16 
22135.28 
22135.40 
22135.52 
22135.64 
22135.76 
22135.88 
22136.13 
22136.26 
22136.38 
22136.51 
22136.63 
22136.76 
22136.88 
22136.99 
22137.11 
22137.25 
22137.37 
22137.49 
22137.61 
22137.73 
22138.52 
22139.73 
22140.96 
22142.21 
22143.43 
22144.65 
22146.06 
22147.29 
22147.40 
22149.77 
22151.00 
22152.24 
22153.48 
22154.68 
22155.91 
22157.14 
22158.37 
22159.60 
22160.02 
22160.42 
22160.72 
22160.86 
22162.07 
22163.29 
22164.11 
22164.38 
22164.51 
22165.75 
22166.96 
22168.19 
22168.30 
22169.53 
22170.77 
22171.98 
22173.10 
22173.21 
22175.56 
22176.78 
22178.03 
22178.15 
22179.36 
22180.63 
22180.75 
22182.12 
22183.57 
22184.98 
22185.09 
22186.21 
22187.46 
22188.67 
22189.92 
22191.13 
22191.25 
22192.36 
22193.58 
22193.70 
22196.05 
22197.27 
22198.50 
22198.61 
22199.84 
22201.09 
22202.40 
22202.51 
22202.64 
22202.75 
22202.86 
22202.99 
22203.12 
22203.24 
22204.25 
22205.47 
22206.70 
22206.81 
22207.93 
22209.15 
22209.27 
22211.62 
22212.84 
22212.95 
22215.30 
22216.53 
22217.76 
22218.98 
22220.21 
22221.45 
22222.69 
22223.90 
22225.13 
22226.36 
22227.59 
22228.00 
22228.82 
22228.94 
22230.05 
22231.28 
22232.51 
22233.73 
22234.96 
22236.19 
22237.41 
22237.53 
22238.58 
22239.66 
22241.11 
22241.22 
22242.33 
22243.56 
22244.79 
22246.02 
22247.25 
22248.06 
22248.18 
22248.33 
22249.51 
22250.72 
22251.97 
22253.19 
22253.31 
22254.41 
22255.65 
22256.89 
22258.10 
22259.33 
22259.44 
22260.17 
22260.44 
22260.56 
22261.80 
22263.02 
22263.14 
22264.25 
22264.37 
22265.60 
22266.05 
22266.17 
22266.30 
22266.44 
22266.56 
22266.68 
22267.93 
22268.75 
22268.88 
22269.98 
22270.11 
22270.25 
22270.37 
22270.50 
22270.62 
22270.73 
22270.84 
22271.82 
22273.05 
22274.30 
22275.52 
22276.75 
22277.96 
22279.19 
22279.30 
22280.54 
22282.88 
22284.11 
22285.33 
22286.56 
22287.78 
22289.02 
22290.25 
22291.49 
22292.71 
22292.82 
22295.18 
22296.41 
22297.63 
22298.85 
22300.09 
22301.33 
22302.55 
22303.77 
22304.99 
22306.23 
22307.45 
22308.70 
22309.92 
22311.14 
22312.37 
22313.60 
22314.83 
22314.95 
22316.21 
22316.33 
22317.69 
22318.93 
22320.15 
22321.38 
22322.61 
22323.84 
22325.06 
22325.18 
22326.43 
22327.64 
22328.75 
22329.99 
22331.21 
22331.33 
22332.44 
22333.69 
22333.81 
22336.14 
22336.26 
22336.50 
22336.62 
22336.75 
22336.87 
22337.00 
22337.12 
22337.26 
22337.38 
22337.51 
22337.63 
22337.75 
22337.88 
22338.00 
22338.29 
22339.64 
22340.86 
22342.06 
22343.32 
22344.54 
22345.77 
22346.99 
22348.23 
22349.45 
22350.69 
22351.91 
22353.15 
22354.38 
22355.60 
22356.83 
22358.06 
22359.29 
22360.51 
22361.74 
22362.96 
22364.20 
22365.43 
22366.66 
22367.89 
22369.13 
22370.33 
22371.56 
22372.79 
22374.02 
22375.24 
22375.35 
22376.60 
22377.70 
22378.94 
22380.16 
22381.41 
22382.62 
22382.76 
22382.88 
22384.25 
22384.37 
22386.72 
22386.83 
22387.94 
22389.18 
22390.41 
22391.63 
22391.74 
22392.86 
22394.11 
22395.31 
22396.55 
22396.67 
22397.79 
22398.19 
22399.00 
22400.23 
22401.47 
22401.58 
22402.80 
22402.93 
