# up 
277125.80 
277125.93 
277126.05 
277126.18 
277126.31 
277126.44 
277126.56 
277126.68 
277126.81 
277126.98 
277127.11 
277127.24 
277127.37 
277127.49 
277127.62 
277127.73 
277127.85 
277127.97 
277128.10 
277128.23 
277128.34 
277128.46 
277128.58 
277128.71 
277128.84 
277128.96 
277129.07 
277129.20 
277129.33 
277129.46 
277129.58 
277129.70 
277129.82 
277129.95 
277130.06 
277130.20 
277130.32 
277130.45 
277130.58 
277130.70 
277130.83 
277130.95 
277131.07 
277131.21 
277131.33 
277131.46 
277131.58 
277131.70 
277131.82 
277131.94 
277132.06 
277132.18 
277132.30 
277132.42 
277132.55 
277132.67 
277132.79 
277132.90 
277133.03 
277133.15 
277133.28 
277133.40 
277133.53 
277133.65 
277133.78 
277133.90 
277134.02 
277134.15 
277134.27 
277134.39 
277134.52 
277134.64 
277134.77 
277134.89 
277135.02 
277135.14 
277135.26 
277135.38 
277135.52 
277135.64 
277135.76 
277135.88 
277136.00 
277136.12 
277136.24 
277136.37 
277136.49 
277136.61 
277136.73 
277136.85 
277136.98 
277137.10 
277137.22 
277137.34 
277137.47 
277137.59 
277137.73 
277137.85 
277137.98 
277138.10 
277138.23 
277138.35 
277138.47 
277138.59 
277138.71 
277138.83 
277138.96 
277139.08 
277139.20 
277139.32 
277139.45 
277139.58 
277139.70 
277139.83 
277139.95 
277140.08 
277140.20 
277140.33 
277140.45 
277140.58 
277140.70 
277140.83 
277140.95 
277141.07 
277141.19 
277141.32 
277141.45 
277141.57 
277141.70 
277141.83 
277141.95 
277142.07 
277142.19 
277142.31 
277142.45 
277142.57 
277142.70 
277142.82 
277142.94 
277143.05 
277143.18 
277143.30 
277143.43 
277143.55 
277143.67 
277143.79 
277143.92 
277144.04 
277144.17 
277144.29 
277144.42 
277144.54 
277144.67 
277144.80 
277144.92 
277145.05 
277145.17 
277145.30 
277145.42 
277145.54 
277145.66 
277145.78 
277145.90 
277146.02 
277146.14 
277146.27 
277146.40 
277146.52 
277146.64 
277146.77 
277146.90 
277147.03 
277147.15 
277147.28 
277147.40 
277147.53 
277147.65 
277147.77 
277147.90 
277148.03 
277148.15 
277148.28 
277148.40 
277148.53 
277148.66 
277148.79 
277148.91 
277149.04 
277149.16 
277149.28 
277149.40 
277149.53 
277149.65 
277149.78 
277149.90 
277150.02 
277150.14 
277150.27 
277150.40 
277150.52 
277150.64 
277150.76 
277150.89 
277151.02 
277151.15 
277151.27 
277151.39 
277151.51 
277151.64 
277151.76 
277151.89 
277152.01 
277152.13 
277152.25 
277152.38 
277152.50 
277152.63 
277152.75 
277152.87 
277153.00 
277153.13 
277153.25 
277153.37 
277153.50 
277153.62 
277153.75 
277153.87 
277153.99 
277154.12 
277154.24 
277154.36 
277154.49 
277154.61 
277154.74 
277154.87 
277154.98 
277155.11 
277155.24 
277155.36 
277155.48 
277155.61 
277155.73 
277155.86 
277155.99 
277156.11 
277156.23 
277156.35 
277156.48 
277156.60 
277156.73 
277156.85 
277156.98 
277157.10 
277157.22 
277157.34 
277157.48 
277157.61 
277157.73 
277157.85 
277157.97 
277158.10 
277158.22 
277158.35 
277158.47 
277158.59 
277158.71 
277158.84 
277158.96 
277159.09 
277159.21 
277159.35 
277159.46 
277159.59 
277159.72 
277159.84 
277159.96 
277160.08 
277160.21 
277160.34 
277160.47 
277160.59 
277160.71 
277160.84 
277160.96 
277161.09 
277161.21 
277161.34 
277161.46 
277161.58 
277161.70 
277161.83 
277161.95 
277162.07 
277162.20 
277162.32 
277162.45 
277162.57 
277162.70 
277162.82 
277162.95 
277163.07 
277163.20 
277163.32 
277163.45 
277163.57 
277163.70 
277163.82 
277163.94 
277164.06 
277164.20 
277164.32 
277164.45 
277164.57 
277164.70 
277164.82 
277164.95 
277165.07 
277165.20 
277165.33 
277165.46 
277165.58 
277165.70 
277165.82 
277165.95 
277166.07 
277166.19 
277166.32 
277166.45 
277166.57 
277166.69 
277166.81 
277166.93 
277167.06 
277167.18 
277167.32 
277167.44 
277167.56 
277167.69 
277167.82 
277167.94 
277168.06 
277168.19 
277168.31 
277168.43 
277168.56 
277168.68 
277168.80 
277168.92 
277169.04 
277169.16 
277169.30 
277169.42 
277169.55 
277169.67 
277169.80 
277169.92 
277170.05 
277170.17 
277170.30 
277170.43 
277170.55 
277170.67 
277170.79 
277170.92 
277171.05 
277171.18 
277171.30 
277171.42 
277171.54 
277171.67 
277171.80 
277171.92 
277172.04 
277172.16 
277172.29 
277172.42 
277172.54 
277172.67 
277172.80 
277172.92 
277173.04 
277173.16 
277173.29 
277173.41 
277173.54 
277173.67 
277173.80 
277173.91 
277174.03 
277174.14 
277174.27 
277174.39 
277174.53 
277174.65 
277174.78 
277174.91 
277175.03 
277175.16 
277175.27 
277175.40 
277175.52 
277175.65 
277175.77 
277175.90 
277176.02 
277176.15 
277176.27 
277176.40 
277176.54 
277176.66 
277176.79 
277176.91 
277177.03 
277177.15 
277177.29 
277177.41 
277177.54 
277177.66 
277177.79 
277177.91 
277178.04 
277178.15 
277178.28 
277178.40 
277178.54 
277178.66 
277178.78 
277178.90 
277179.03 
277179.15 
277179.28 
277179.40 
277179.53 
277179.66 
277179.77 
277179.90 
277180.03 
277180.15 
277180.29 
277180.41 
277180.54 
277180.67 
277180.80 
277180.92 
277181.05 
277181.18 
277181.30 
277181.42 
277181.55 
277181.67 
277181.80 
277181.92 
277182.05 
277182.17 
277182.31 
277182.43 
277182.55 
277182.67 
277182.81 
277182.93 
277183.06 
277183.18 
277183.31 
277183.43 
277183.55 
277183.67 
277183.79 
277183.93 
277184.05 
277184.18 
277184.29 
277184.42 
277184.54 
277184.67 
277184.80 
277184.92 
277185.05 
277185.17 
277185.29 
277185.41 
277185.53 
277185.65 
277185.78 
277185.91 
277186.02 
277186.14 
277186.27 
277186.40 
277186.52 
277186.65 
277186.77 
277186.90 
277187.02 
277187.14 
277187.26 
277187.38 
277187.52 
277187.64 
277187.76 
277187.88 
277188.00 
277188.13 
277188.25 
277188.37 
277188.50 
277188.62 
277188.75 
277188.87 
277188.99 
277189.13 
277189.25 
277189.38 
277189.50 
277189.63 
277189.75 
277189.88 
277190.00 
277190.13 
277190.25 
277190.38 
277190.50 
277190.62 
277190.74 
277190.86 
277190.98 
277191.10 
277191.23 
277191.36 
277191.48 
277191.61 
277191.73 
277191.85 
277191.97 
277192.11 
277192.23 
277192.35 
277192.47 
277192.59 
277192.71 
277192.83 
277192.95 
277193.08 
277193.22 
277193.34 
277193.47 
277193.59 
277193.72 
277193.84 
277193.96 
277194.07 
277194.20 
277194.32 
277194.45 
277194.57 
277194.70 
277194.83 
277194.95 
277195.07 
277195.19 
277195.31 
277195.44 
277195.56 
277195.68 
277195.81 
277195.94 
277196.06 
277196.19 
277196.31 
277196.43 
277196.55 
277196.67 
277196.81 
277196.93 
277197.05 
277197.18 
277197.30 
277197.43 
277197.55 
277197.68 
277197.80 
277197.93 
277198.06 
277198.17 
277198.30 
277198.43 
277198.55 
277198.67 
277198.79 
277198.92 
277199.04 
277199.16 
277199.29 
277199.41 
277199.54 
277199.66 
277199.78 
277199.91 
277200.03 
277200.15 
277200.27 
277200.39 
277200.53 
277200.65 
277200.78 
277200.91 
277201.03 
277201.15 
277201.28 
277201.41 
277201.53 
277201.66 
277201.78 
277201.91 
277202.03 
277202.16 
277202.28 
277202.40 
277202.53 
277202.65 
277202.77 
277202.90 
277203.02 
277203.15 
277203.27 
277203.40 
277203.53 
277203.65 
277203.78 
277203.90 
277204.02 
277204.15 
277204.27 
277204.40 
277204.52 
277204.64 
277204.77 
277204.89 
277205.00 
277205.12 
277205.24 
277205.37 
277205.50 
277205.62 
277205.74 
277205.86 
277205.98 
277206.11 
277206.23 
277206.36 
277206.49 
277206.62 
277206.74 
277206.87 
277207.00 
277207.12 
277207.24 
277207.37 
277207.50 
277207.63 
277207.75 
277207.87 
277208.00 
277208.13 
277208.25 
277208.37 
277208.50 
277208.63 
277208.75 
277208.87 
277208.99 
277209.12 
277209.25 
277209.37 
277209.50 
277209.62 
277209.74 
277209.86 
277209.99 
277210.12 
277210.24 
277210.36 
277210.48 
277210.61 
277210.74 
277210.86 
277210.99 
277211.11 
277211.24 
277211.36 
277211.49 
277211.62 
277211.74 
277211.86 
277211.98 
277212.11 
277212.24 
277212.35 
277212.49 
277212.61 
277212.74 
277212.86 
277212.99 
277213.11 
277213.25 
277213.37 
277213.49 
277213.61 
277213.73 
277213.86 
277213.98 
277214.10 
277214.23 
277214.35 
277214.47 
277214.61 
277214.73 
277214.86 
277214.98 
277215.10 
277215.23 
277215.35 
277215.48 
277215.60 
277215.74 
277215.86 
277215.99 
277216.11 
277216.24 
277216.36 
277216.49 
277216.61 
277216.74 
277216.86 
277216.99 
277217.12 
277217.24 
277217.37 
277217.49 
277217.61 
277217.74 
277217.86 
277218.00 
277218.12 
277218.24 
277218.38 
277218.50 
277218.63 
277218.75 
277218.89 
277219.01 
277219.14 
277219.26 
277219.38 
277219.52 
277219.64 
277219.76 
277219.90 
277220.02 
277220.15 
277220.27 
277220.40 
277220.52 
277220.64 
277220.77 
277220.89 
277221.02 
277221.14 
277221.27 
277221.39 
277221.53 
277221.65 
277221.78 
277221.90 
277222.03 
277222.15 
277222.27 
277222.39 
277222.52 
277222.64 
277222.77 
277222.89 
277223.01 
277223.13 
277223.25 
277223.38 
277223.50 
277223.62 
277223.75 
277223.87 
277224.00 
277224.12 
277224.25 
277224.37 
277224.50 
277224.62 
277224.74 
277224.87 
277225.00 
277225.12 
277225.24 
277225.36 
277225.49 
277225.61 
277225.74 
277225.88 
277226.00 
277226.12 
277226.25 
277226.37 
277226.50 
277226.62 
277226.75 
277226.87 
277227.00 
277227.12 
277227.25 
277227.37 
277227.49 
277227.61 
277227.73 
277227.86 
277227.98 
277228.11 
277228.23 
277228.36 
277228.47 
277228.60 
277228.73 
277228.85 
277228.98 
277229.10 
277229.23 
277229.35 
277229.48 
277229.60 
277229.73 
277229.86 
277229.99 
277230.11 
277230.25 
277230.37 
277230.51 
277230.63 
277230.77 
277230.89 
277231.03 
277231.15 
277231.27 
277231.40 
277231.52 
277231.64 
277231.77 
277231.89 
277232.02 
277232.15 
277232.27 
277232.39 
277232.52 
277232.66 
277232.78 
277232.91 
277233.03 
277233.15 
277233.27 
277233.39 
277233.51 
277233.64 
277233.77 
277233.89 
277234.01 
277234.14 
277234.26 
277234.39 
277234.52 
277234.64 
277234.77 
277234.89 
277235.02 
277235.15 
277235.27 
277235.40 
277235.52 
277235.65 
277235.77 
277235.89 
277236.01 
277236.14 
277236.27 
277236.40 
277236.51 
277236.63 
277236.77 
277236.89 
277237.02 
277237.14 
277237.26 
277237.38 
277237.50 
277237.64 
277237.76 
277237.90 
277238.02 
277238.15 
277238.27 
277238.39 
277238.51 
277238.64 
277238.76 
277238.88 
277239.01 
277239.14 
277239.26 
277239.39 
277239.52 
277239.64 
277239.77 
277239.90 
277240.02 
277240.15 
277240.27 
277240.39 
277240.51 
277240.65 
277240.77 
277240.89 
277241.01 
277241.14 
277241.27 
277241.40 
277241.52 
277241.64 
277241.77 
277241.89 
277242.02 
277242.14 
277242.26 
277242.39 
277242.51 
277242.63 
277242.77 
277242.89 
277243.02 
277243.15 
277243.27 
277243.40 
277243.52 
277243.65 
277243.77 
277243.91 
277244.03 
277244.15 
277244.27 
277244.39 
277244.52 
277244.64 
277244.77 
277244.89 
277245.00 
277245.12 
277245.24 
277245.36 
277245.48 
277245.60 
277245.72 
277245.84 
277245.96 
277246.09 
277246.22 
277246.34 
277246.46 
277246.59 
277246.71 
277246.84 
277246.96 
277247.09 
277247.22 
277247.35 
277247.48 
277247.60 
277247.73 
277247.86 
277247.97 
277248.10 
277248.23 
277248.35 
277248.47 
277248.60 
277248.72 
277248.85 
277248.97 
277249.09 
277249.22 
277249.34 
277249.47 
277249.59 
277249.73 
277249.85 
277249.97 
277250.10 
277250.23 
277250.35 
277250.47 
277250.59 
277250.72 
277250.84 
277250.97 
277251.09 
277251.22 
277251.33 
277251.45 
277251.58 
277251.70 
277251.83 
277251.95 
277252.07 
277252.19 
277252.33 
277252.45 
277252.58 
277252.70 
277252.83 
277252.95 
277253.07 
277253.20 
277253.32 
277253.45 
277253.58 
277253.70 
277253.82 
277253.94 
277254.07 
277254.20 
277254.32 
277254.44 
277254.56 
277254.70 
277254.82 
277254.95 
277255.07 
277255.19 
277255.32 
277255.44 
277255.57 
277255.70 
277255.82 
277255.95 
277256.06 
277256.20 
277256.32 
277256.45 
277256.57 
277256.70 
277256.82 
277256.94 
277257.06 
277257.18 
277257.31 
277257.43 
277257.55 
277257.67 
277257.79 
277257.92 
277258.04 
277258.17 
277258.29 
277258.43 
277258.55 
277258.68 
277258.80 
277258.92 
277259.04 
277259.18 
277259.30 
277259.42 
277259.56 
277259.68 
277259.80 
277259.93 
277260.06 
277260.18 
277260.30 
277260.43 
277260.55 
277260.68 
277260.80 
277260.93 
277261.05 
277261.17 
277261.29 
277261.40 
277261.53 
277261.66 
277261.78 
277261.91 
277262.03 
277262.16 
277262.28 
277262.41 
277262.53 
277262.66 
277262.79 
277262.91 
277263.03 
277263.15 
277263.27 
277263.41 
277263.53 
277263.66 
277263.77 
277263.90 
277264.03 
277264.15 
277264.27 
277264.39 
277264.51 
277264.63 
277264.76 
277264.88 
277265.01 
277265.13 
277265.26 
277265.37 
277265.49 
277265.61 
277265.74 
277265.86 
277265.98 
277266.11 
277266.23 
277266.35 
277266.49 
277266.61 
277266.74 
277266.85 
277266.97 
277267.10 
277267.23 
277267.35 
277267.47 
277267.59 
277267.72 
277267.85 
277267.98 
277268.11 
277268.23 
277268.35 
277268.47 
277268.60 
277268.73 
277268.85 
277268.98 
277269.10 
277269.22 
277269.34 
277269.47 
277269.60 
277269.72 
277269.84 
277269.97 
277270.09 
277270.22 
277270.34 
277270.47 
277270.59 
277270.72 
277270.84 
277270.98 
277271.10 
277271.23 
277271.35 
277271.48 
277271.60 
277271.72 
277271.85 
277271.97 
277272.08 
277272.21 
277272.34 
277272.46 
277272.58 
277272.70 
277272.83 
277272.95 
277273.07 
277273.20 
277273.33 
277273.45 
277273.58 
277273.70 
277273.84 
277273.96 
277274.09 
277274.22 
277274.34 
277274.46 
277274.58 
277274.71 
277274.83 
277274.96 
277275.08 
277275.22 
277275.34 
277275.47 
277275.59 
277275.71 
277275.84 
277275.96 
277276.08 
277276.20 
277276.33 
277276.46 
277276.57 
277276.70 
277276.83 
277276.95 
277277.07 
277277.19 
277277.33 
277277.45 
277277.57 
277277.69 
277277.82 
277277.94 
277278.06 
277278.18 
277278.30 
277278.42 
277278.54 
277278.66 
277278.78 
277278.91 
277279.03 
277279.15 
277279.27 
277279.41 
277279.53 
277279.65 
277279.78 
277279.91 
277280.03 
277280.16 
277280.28 
277280.41 
277280.53 
277280.65 
277280.78 
277280.91 
277281.03 
277281.16 
277281.28 
277281.41 
277281.53 
277281.66 
277281.78 
277281.92 
277282.04 
277282.17 
277282.30 
277282.42 
277282.55 
277282.67 
277282.80 
277282.92 
277283.05 
277283.17 
277283.30 
277283.43 
277283.55 
277283.67 
277283.80 
277283.91 
277284.04 
277284.16 
277284.28 
277284.40 
277284.53 
277284.66 
277284.77 
277284.91 
277285.03 
277285.16 
277285.28 
277285.41 
277285.53 
277285.66 
277285.77 
277285.89 
277286.02 
277286.14 
277286.27 
277286.39 
277286.53 
277286.65 
277286.78 
277286.90 
277287.02 
277287.14 
277287.26 
277287.39 
277287.52 
277287.64 
277287.76 
277287.90 
277288.02 
277288.15 
277288.27 
277288.40 
277288.54 
277288.66 
277288.79 
277288.91 
277289.03 
277289.15 
277289.28 
277289.40 
277289.53 
277289.66 
277289.79 
277289.91 
277290.04 
277290.16 
277290.29 
277290.42 
277290.55 
277290.67 
277290.79 
277290.92 
277291.05 
277291.17 
277291.30 
277291.42 
277291.55 
277291.67 
277291.81 
277291.93 
277292.06 
277292.18 
277292.31 
277292.43 
277292.56 
277292.68 
277292.81 
277292.94 
277293.05 
277293.18 
277293.31 
277293.44 
277293.56 
277293.68 
277293.81 
277293.94 
277294.06 
277294.18 
277294.31 
277294.43 
277294.55 
277294.69 
277294.81 
277294.93 
277295.06 
277295.19 
277295.32 
277295.45 
277295.57 
277295.69 
277295.81 
277295.94 
277296.06 
277296.19 
277296.31 
277296.43 
277296.55 
277296.67 
277296.80 
277296.92 
277297.04 
277297.17 
277297.30 
277297.43 
277297.55 
277297.67 
277297.80 
277297.92 
277298.04 
277298.17 
277298.31 
277298.43 
277298.55 
277298.68 
277298.80 
277298.92 
277299.06 
277299.18 
277299.31 
277299.43 
277299.55 
277299.67 
277299.80 
277299.92 
277300.04 
277300.17 
277300.30 
277300.43 
277300.55 
277300.67 
277300.79 
277300.93 
277301.05 
277301.17 
277301.29 
277301.42 
277301.54 
277301.67 
277301.80 
277301.92 
277302.03 
277302.16 
277302.28 
277302.41 
277302.53 
277302.66 
277302.78 
277302.91 
277303.03 
277303.15 
277303.27 
277303.39 
277303.51 
277303.64 
277303.77 
277303.89 
277304.01 
277304.14 
277304.26 
277304.39 
277304.51 
277304.63 
277304.75 
277304.87 
277304.99 
277305.12 
277305.25 
277305.37 
277305.49 
277305.62 
277305.74 
277305.87 
277306.00 
277306.12 
277306.24 
277306.36 
277306.49 
277306.62 
277306.75 
277306.87 
277306.99 
277307.12 
277307.24 
277307.37 
277307.49 
277307.61 
277307.74 
277307.86 
277307.99 
277308.12 
277308.24 
277308.37 
277308.50 
277308.61 
277308.74 
277308.86 
277308.98 
277309.11 
277309.23 
277309.35 
277309.48 
277309.60 
277309.73 
277309.85 
277309.98 
277310.11 
277310.23 
277310.35 
277310.48 
277310.60 
277310.72 
277310.85 
277310.97 
277311.09 
277311.22 
277311.34 
277311.46 
277311.59 
277311.72 
277311.84 
277311.97 
277312.09 
277312.22 
277312.35 
277312.47 
277312.60 
277312.72 
277312.84 
277312.97 
277313.09 
277313.21 
277313.32 
277313.44 
277313.56 
277313.68 
277313.80 
277313.93 
277314.05 
277314.17 
277314.30 
277314.42 
277314.56 
277314.68 
277314.80 
277314.93 
277315.06 
277315.18 
277315.30 
277315.42 
277315.54 
277315.66 
277315.79 
277315.91 
277316.04 
277316.16 
277316.28 
277316.40 
277316.53 
277316.66 
277316.78 
277316.91 
277317.03 
277317.16 
277317.28 
277317.40 
277317.53 
277317.65 
277317.78 
277317.90 
277318.03 
277318.15 
277318.27 
277318.40 
277318.53 
277318.65 
277318.78 
277318.90 
277319.02 
277319.14 
277319.27 
277319.40 
277319.52 
277319.64 
277319.78 
277319.90 
277320.03 
277320.15 
277320.28 
277320.41 
277320.53 
277320.65 
277320.78 
277320.91 
277321.03 
277321.15 
277321.28 
277321.40 
277321.54 
277321.66 
277321.79 
277321.91 
277322.04 
277322.16 
277322.28 
277322.41 
277322.54 
277322.66 
277322.79 
277322.91 
277323.03 
277323.15 
277323.28 
277323.40 
277323.52 
277323.65 
277323.77 
277323.90 
277324.03 
277324.15 
277324.27 
277324.39 
277324.51 
277324.64 
277324.77 
277324.91 
277325.03 
277325.16 
277325.28 
277325.42 
277325.54 
277325.66 
277325.78 
277325.92 
277326.04 
277326.16 
277326.29 
277326.42 
277326.55 
277326.67 
277326.81 
277326.93 
277327.06 
277327.18 
277327.31 
277327.43 
277327.55 
277327.67 
277327.79 
277327.91 
277328.03 
277328.15 
277328.28 
277328.40 
277328.53 
277328.64 
277328.75 
277328.87 
277328.99 
277329.12 
277329.25 
277329.37 
277329.50 
277329.62 
277329.75 
277329.87 
277329.99 
277330.11 
277330.23 
277330.37 
277330.49 
277330.62 
277330.75 
277330.87 
277330.99 
277331.13 
277331.25 
277331.38 
277331.51 
277331.63 
277331.76 
277331.90 
277332.02 
277332.14 
277332.26 
277332.38 
277332.50 
277332.63 
277332.76 
277332.87 
277333.01 
277333.13 
277333.26 
277333.38 
277333.52 
277333.64 
277333.76 
277333.90 
277334.02 
277334.14 
277334.27 
277334.40 
277334.52 
277334.64 
277334.78 
277334.90 
277335.02 
277335.14 
277335.26 
277335.40 
277335.52 
277335.64 
277335.77 
277335.89 
277336.02 
277336.14 
277336.27 
277336.39 
277336.51 
277336.63 
277336.75 
277336.88 
277337.00 
277337.12 
277337.25 
277337.37 
277337.49 
277337.61 
277337.74 
277337.86 
277337.98 
277338.10 
277338.24 
277338.36 
277338.48 
277338.60 
277338.74 
277338.85 
277338.98 
277339.10 
277339.21 
277339.33 
277339.46 
277339.58 
277339.71 
277339.84 
277339.96 
277340.09 
277340.22 
277340.35 
277340.47 
277340.59 
277340.73 
277340.85 
277340.98 
277341.11 
277341.23 
277341.35 
277341.48 
277341.61 
277341.73 
277341.86 
277341.98 
277342.11 
277342.24 
277342.36 
277342.48 
277342.61 
277342.74 
277342.86 
277342.97 
277343.10 
277343.23 
277343.35 
277343.47 
277343.59 
277343.72 
277343.85 
277343.98 
277344.09 
277344.22 
277344.34 
277344.47 
277344.59 
277344.72 
277344.84 
277344.97 
277345.09 
277345.22 
277345.34 
277345.46 
277345.58 
277345.70 
277345.83 
277345.95 
277346.07 
277346.20 
277346.33 
277346.45 
277346.57 
277346.69 
277346.81 
277346.95 
277347.07 
277347.19 
277347.32 
277347.46 
277347.58 
277347.71 
277347.84 
277347.96 
277348.08 
277348.20 
277348.33 
277348.45 
277348.58 
277348.70 
277348.83 
277348.96 
277349.08 
277349.20 
277349.34 
277349.46 
277349.59 
277349.71 
277349.84 
277349.96 
277350.08 
277350.21 
277350.33 
277350.45 
277350.58 
277350.71 
277350.84 
277350.96 
277351.08 
277351.20 
277351.33 
277351.45 
277351.58 
277351.70 
277351.83 
277351.95 
277352.07 
277352.21 
277352.33 
277352.45 
277352.58 
277352.71 
277352.84 
277352.96 
277353.08 
277353.21 
277353.35 
277353.47 
277353.60 
277353.72 
277353.85 
277353.97 
277354.10 
277354.22 
277354.35 
277354.47 
277354.59 
277354.73 
277354.85 
277354.97 
277355.09 
277355.22 
277355.34 
277355.47 
277355.59 
277355.72 
277355.84 
277355.97 
277356.10 
277356.22 
277356.34 
277356.46 
277356.59 
277356.72 
277356.84 
277356.96 
277357.10 
277357.22 
277357.35 
277357.47 
277357.59 
277357.71 
277357.84 
277357.97 
277358.09 
277358.22 
277358.34 
277358.48 
277358.60 
277358.74 
277358.86 
277358.98 
277359.11 
277359.24 
277359.36 
277359.49 
277359.60 
277359.72 
277359.84 
277359.96 
277360.09 
277360.21 
277360.34 
277360.46 
277360.59 
277360.72 
277360.84 
277360.96 
277361.10 
277361.22 
277361.35 
277361.48 
277361.60 
277361.73 
277361.85 
277361.97 
277362.10 
277362.23 
277362.35 
277362.47 
277362.61 
277362.73 
277362.85 
277362.98 
277363.10 
277363.24 
277363.36 
277363.48 
277363.60 
277363.73 
277363.86 
277363.98 
277364.11 
277364.23 
277364.36 
277364.49 
277364.62 
277364.75 
277364.87 
277365.00 
277365.12 
277365.26 
277365.38 
277365.51 
277365.63 
277365.76 
277365.88 
277366.01 
277366.13 
277366.26 
277366.38 
277366.51 
277366.63 
277366.75 
277366.87 
277366.99 
277367.13 
277367.25 
277367.38 
277367.50 
277367.63 
277367.75 
277367.87 
277368.00 
277368.12 
277368.25 
277368.37 
277368.49 
277368.62 
277368.74 
277368.86 
277369.00 
277369.12 
277369.24 
277369.37 
277369.49 
277369.61 
277369.74 
277369.87 
277370.00 
277370.12 
277370.25 
277370.37 
277370.50 
277370.63 
277370.76 
277370.88 
277371.01 
277371.14 
277371.27 
277371.40 
277371.52 
277371.64 
277371.77 
277371.89 
277372.02 
277372.14 
277372.26 
277372.38 
277372.52 
277372.64 
277372.76 
277372.89 
277373.01 
277373.14 
277373.26 
277373.39 
277373.51 
277373.64 
277373.76 
277373.88 
277374.02 
277374.14 
277374.26 
277374.38 
277374.52 
277374.64 
277374.76 
277374.88 
277375.00 
277375.12 
277375.25 
277375.37 
277375.50 
277375.62 
277375.75 
277375.87 
277375.99 
277376.12 
277376.26 
277376.38 
277376.50 
277376.63 
277376.75 
277376.87 
277377.01 
277377.13 
277377.25 
277377.38 
277377.50 
277377.63 
277377.75 
277377.87 
277378.00 
277378.12 
277378.25 
277378.38 
277378.50 
277378.62 
277378.75 
277378.87 
277378.99 
277379.13 
277379.25 
277379.37 
277379.50 
277379.61 
277379.74 
277379.86 
277379.99 
277380.11 
277380.23 
277380.35 
277380.48 
277380.60 
277380.73 
277380.85 
277380.97 
277381.10 
277381.22 
277381.34 
277381.46 
277381.59 
277381.72 
277381.84 
277381.97 
277382.09 
277382.22 
277382.35 
277382.47 
277382.61 
277382.73 
277382.86 
277382.98 
277383.10 
277383.23 
277383.35 
277383.47 
277383.61 
277383.73 
277383.86 
277383.97 
277384.10 
277384.23 
277384.35 
277384.48 
277384.60 
277384.73 
277384.86 
277384.98 
277385.11 
277385.23 
277385.35 
277385.47 
277385.59 
277385.70 
277385.82 
277385.94 
277386.08 
277386.20 
277386.32 
277386.45 
277386.58 
277386.71 
277386.83 
277386.95 
277387.07 
277387.19 
277387.32 
277387.44 
277387.56 
277387.68 
277387.81 
277387.93 
277388.06 
277388.18 
277388.31 
277388.43 
277388.55 
277388.68 
277388.81 
277388.93 
277389.06 
277389.18 
277389.30 
277389.42 
277389.55 
277389.67 
277389.79 
277389.93 
277390.05 
277390.19 
277390.31 
277390.43 
277390.54 
277390.67 
277390.79 
277390.92 
277391.04 
277391.17 
277391.29 
277391.42 
277391.55 
277391.67 
277391.79 
277391.92 
277392.04 
277392.17 
277392.29 
277392.41 
277392.54 
277392.66 
277392.78 
277392.91 
277393.03 
277393.16 
277393.28 
277393.40 
277393.52 
277393.66 
277393.78 
277393.91 
277394.03 
277394.15 
277394.27 
277394.40 
277394.52 
277394.64 
277394.77 
277394.89 
277395.02 
277395.14 
277395.26 
277395.39 
277395.52 
277395.64 
277395.76 
277395.88 
277396.00 
277396.13 
277396.25 
277396.37 
277396.50 
277396.63 
277396.76 
277396.88 
277397.00 
277397.13 
277397.25 
277397.39 
277397.51 
277397.63 
277397.75 
277397.87 
277398.01 
277398.13 
277398.26 
277398.38 
277398.51 
277398.63 
277398.76 
277398.88 
277399.01 
277399.14 
277399.26 
277399.37 
277399.50 
277399.62 
277399.74 
277399.87 
277399.99 
277400.12 
277400.24 
277400.37 
277400.49 
277400.62 
277400.74 
277400.86 
277401.00 
277401.12 
277401.25 
277401.37 
277401.50 
277401.62 
277401.74 
277401.86 
277401.98 
277402.10 
277402.23 
277402.35 
277402.47 
277402.59 
277402.71 
277402.85 
277402.97 
277403.10 
277403.23 
277403.35 
277403.47 
277403.60 
277403.73 
277403.85 
277403.98 
277404.10 
277404.23 
277404.35 
277404.48 
277404.60 
277404.73 
277404.86 
277404.98 
277405.10 
277405.24 
277405.36 
277405.49 
277405.62 
277405.75 
277405.86 
277405.98 
277406.10 
277406.22 
277406.34 
277406.47 
277406.60 
277406.71 
277406.84 
277406.96 
277407.08 
277407.20 
277407.32 
277407.45 
277407.58 
277407.70 
277407.82 
277407.95 
277408.07 
277408.20 
277408.32 
277408.44 
277408.57 
277408.69 
277408.81 
277408.93 
277409.05 
277409.17 
277409.29 
277409.42 
277409.54 
277409.66 
277409.78 
277409.91 
277410.04 
277410.16 
277410.29 
277410.41 
277410.55 
277410.66 
277410.80 
277410.92 
277411.05 
277411.17 
277411.30 
277411.42 
277411.54 
277411.67 
277411.80 
277411.92 
277412.05 
277412.17 
277412.30 
277412.41 
277412.53 
277412.65 
277412.78 
277412.90 
277413.03 
277413.15 
277413.28 
277413.41 
277413.53 
277413.65 
277413.77 
277413.89 
277414.01 
277414.13 
277414.26 
277414.38 
277414.50 
277414.63 
277414.75 
277414.87 
277415.01 
277415.14 
277415.26 
277415.38 
277415.51 
277415.64 
277415.76 
277415.88 
277416.00 
277416.13 
277416.25 
277416.37 
277416.49 
277416.62 
277416.74 
277416.88 
277417.00 
277417.13 
277417.25 
277417.37 
277417.49 
277417.62 
277417.75 
277417.87 
277418.00 
277418.13 
277418.25 
277418.38 
277418.51 
277418.63 
277418.75 
277418.89 
277419.01 
277419.13 
277419.26 
277419.38 
277419.51 
277419.63 
277419.76 
277419.89 
277420.02 
277420.14 
277420.26 
277420.39 
277420.52 
277420.64 
277420.76 
277420.90 
277421.02 
277421.15 
277421.27 
277421.38 
277421.50 
277421.62 
277421.74 
277421.86 
277422.00 
277422.12 
277422.25 
277422.38 
277422.50 
277422.63 
277422.76 
277422.88 
277423.00 
277423.13 
277423.25 
277423.38 
277423.50 
277423.63 
277423.75 
277423.88 
277424.00 
277424.13 
277424.26 
277424.38 
277424.49 
277424.62 
277424.74 
277424.86 
277424.98 
277425.10 
277425.22 
277425.36 
277425.48 
277425.61 
277425.73 
277425.85 
277425.98 
277426.11 
277426.23 
277426.36 
277426.48 
277426.60 
277426.73 
277426.85 
277426.98 
277427.11 
277427.23 
277427.35 
277427.49 
277427.61 
277427.74 
277427.86 
277427.99 
277428.11 
277428.25 
277428.37 
277428.49 
277428.62 
277428.75 
277428.87 
277428.99 
277429.11 
277429.23 
277429.35 
277429.49 
277429.61 
277429.74 
277429.86 
277429.98 
277430.10 
277430.24 
277430.36 
277430.47 
277430.60 
277430.72 
277430.84 
277430.97 
277431.10 
277431.23 
277431.35 
277431.47 
277431.59 
277431.71 
277431.85 
277431.97 
277432.10 
277432.22 
277432.35 
277432.47 
277432.59 
277432.71 
277432.83 
277432.95 
277433.08 
277433.20 
277433.33 
277433.45 
277433.58 
277433.70 
277433.83 
277433.95 
277434.07 
277434.19 
277434.33 
277434.45 
277434.57 
277434.69 
277434.82 
277434.94 
277435.06 
277435.18 
277435.30 
277435.42 
277435.54 
277435.66 
277435.78 
277435.92 
277436.04 
277436.16 
277436.28 
277436.42 
277436.54 
277436.66 
277436.79 
277436.91 
277437.03 
277437.15 
277437.28 
277437.40 
277437.52 
277437.64 
277437.78 
277437.90 
277438.03 
277438.15 
277438.27 
277438.39 
277438.51 
277438.65 
277438.77 
277438.89 
277439.01 
277439.14 
277439.26 
277439.37 
277439.50 
277439.62 
277439.74 
277439.86 
277439.99 
277440.12 
277440.24 
277440.36 
277440.48 
277440.60 
277440.73 
277440.86 
277440.98 
277441.10 
277441.23 
277441.35 
277441.49 
277441.61 
277441.74 
277441.87 
277442.00 
277442.12 
277442.25 
277442.37 
277442.49 
277442.61 
277442.73 
277442.85 
277442.98 
277443.10 
277443.24 
277443.36 
277443.49 
277443.61 
277443.73 
277443.86 
277443.98 
277444.11 
277444.23 
277444.35 
277444.48 
277444.60 
277444.73 
277444.85 
277444.98 
277445.10 
277445.22 
277445.34 
277445.46 
277445.59 
277445.71 
277445.83 
277445.95 
277446.09 
277446.21 
277446.34 
277446.46 
277446.58 
277446.71 
277446.83 
277446.95 
277447.07 
277447.19 
277447.33 
277447.45 
277447.58 
277447.70 
277447.84 
277447.96 
277448.08 
277448.20 
277448.33 
277448.46 
277448.57 
277448.69 
277448.81 
277448.94 
277449.06 
277449.19 
277449.30 
277449.43 
277449.55 
277449.68 
277449.80 
277449.93 
277450.05 
277450.18 
277450.31 
277450.43 
277450.56 
277450.68 
277450.81 
277450.94 
277451.07 
277451.19 
277451.31 
277451.43 
277451.56 
277451.68 
277451.80 
277451.93 
277452.05 
277452.18 
277452.30 
277452.42 
277452.54 
277452.67 
277452.79 
277452.91 
277453.04 
277453.17 
277453.29 
277453.42 
277453.54 
277453.67 
277453.80 
277453.92 
277454.05 
277454.18 
277454.30 
277454.43 
277454.55 
277454.68 
277454.81 
277454.93 
277455.06 
277455.18 
277455.31 
277455.44 
277455.56 
277455.68 
277455.81 
277455.94 
277456.06 
277456.19 
277456.31 
277456.43 
277456.55 
277456.67 
277456.79 
277456.92 
277457.04 
277457.16 
277457.29 
277457.42 
277457.54 
277457.66 
277457.79 
277457.91 
277458.04 
277458.16 
277458.29 
277458.41 
277458.54 
277458.66 
277458.79 
277458.91 
277459.04 
277459.16 
277459.28 
277459.41 
277459.53 
277459.66 
277459.78 
277459.91 
277460.04 
277460.16 
277460.29 
277460.41 
277460.54 
277460.66 
277460.79 
277460.91 
277461.04 
277461.16 
277461.29 
277461.42 
277461.55 
277461.67 
277461.79 
277461.92 
277462.05 
277462.17 
277462.30 
277462.42 
277462.54 
277462.67 
277462.80 
277462.92 
277463.04 
277463.17 
277463.29 
277463.42 
277463.55 
277463.67 
277463.80 
277463.92 
277464.05 
277464.18 
277464.31 
277464.43 
277464.56 
277464.68 
277464.80 
277464.92 
277465.04 
277465.16 
277465.29 
277465.42 
277465.54 
277465.66 
277465.79 
277465.92 
277466.04 
277466.16 
277466.30 
277466.42 
277466.55 
277466.67 
277466.81 
277466.93 
277467.06 
277467.17 
277467.30 
277467.43 
277467.55 
277467.69 
277467.81 
277467.92 
277468.04 
277468.16 
277468.28 
277468.40 
277468.52 
277468.65 
277468.77 
277468.89 
277469.02 
277469.14 
277469.26 
277469.38 
277469.52 
277469.64 
277469.77 
277469.89 
277470.02 
277470.15 
277470.28 
277470.40 
277470.52 
277470.65 
277470.78 
277470.91 
277471.03 
277471.15 
277471.28 
277471.41 
277471.53 
277471.66 
277471.78 
277471.91 
277472.04 
277472.16 
277472.28 
277472.41 
277472.53 
277472.66 
277472.78 
277472.90 
277473.03 
277473.15 
277473.28 
277473.40 
277473.52 
277473.65 
277473.77 
277473.91 
277474.03 
277474.15 
277474.27 
277474.41 
277474.53 
277474.66 
277474.77 
277474.90 
277475.03 
277475.16 
277475.28 
277475.40 
277475.53 
277475.66 
277475.79 
277475.92 
277476.04 
277476.16 
277476.28 
277476.40 
277476.52 
277476.64 
277476.77 
277476.90 
277477.02 
277477.15 
277477.26 
277477.40 
277477.52 
277477.65 
277477.77 
277477.91 
277478.03 
277478.15 
277478.28 
277478.40 
277478.53 
277478.65 
277478.78 
277478.90 
277479.01 
277479.13 
277479.26 
277479.37 
277479.50 
277479.62 
277479.75 
277479.88 
277480.00 
277480.13 
277480.25 
277480.38 
277480.50 
277480.63 
277480.75 
277480.88 
277481.00 
277481.13 
277481.26 
277481.39 
277481.51 
277481.64 
277481.76 
277481.88 
277482.00 
277482.13 
277482.26 
277482.39 
277482.51 
277482.63 
277482.75 
277482.88 
277483.00 
277483.11 
277483.23 
277483.35 
277483.46 
277483.59 
277483.71 
277483.84 
277483.96 
277484.09 
277484.21 
277484.34 
277484.46 
277484.59 
277484.70 
277484.83 
277484.95 
277485.07 
277485.19 
277485.32 
277485.45 
277485.57 
277485.70 
277485.82 
277485.95 
277486.07 
277486.19 
277486.31 
277486.43 
277486.56 
277486.68 
277486.81 
277486.94 
277487.07 
277487.19 
277487.33 
277487.45 
277487.58 
277487.70 
277487.83 
277487.95 
277488.07 
277488.20 
277488.33 
277488.46 
277488.57 
277488.70 
277488.83 
277488.95 
277489.07 
277489.21 
277489.33 
277489.45 
277489.57 
277489.70 
277489.83 
277489.95 
277490.07 
277490.20 
277490.33 
277490.45 
277490.58 
277490.70 
277490.82 
277490.95 
277491.08 
277491.20 
277491.34 
277491.46 
277491.57 
277491.70 
277491.82 
277491.95 
277492.07 
277492.21 
277492.33 
277492.45 
277492.58 
277492.70 
277492.82 
277492.94 
277493.06 
277493.20 
277493.32 
277493.44 
277493.57 
277493.69 
277493.82 
277493.95 
277494.08 
277494.20 
277494.33 
277494.46 
277494.57 
277494.70 
277494.83 
277494.95 
277495.07 
277495.19 
277495.33 
277495.45 
277495.58 
277495.70 
277495.82 
277495.96 
277496.08 
277496.21 
277496.34 
277496.46 
277496.57 
277496.70 
277496.83 
277496.95 
277497.09 
277497.21 
277497.34 
277497.46 
277497.58 
277497.72 
277497.84 
277497.97 
277498.10 
277498.23 
277498.35 
277498.46 
277498.60 
277498.72 
277498.84 
277498.95 
277499.08 
277499.20 
277499.33 
277499.45 
277499.58 
277499.70 
277499.82 
277499.95 
277500.07 
277500.20 
277500.32 
277500.44 
277500.56 
277500.67 
277500.79 
277500.92 
277501.04 
277501.17 
277501.30 
277501.43 
277501.55 
277501.67 
277501.80 
277501.92 
277502.05 
277502.17 
277502.30 
277502.43 
277502.55 
277502.67 
277502.79 
277502.92 
277503.04 
277503.17 
277503.29 
277503.42 
277503.54 
277503.67 
277503.79 
277503.91 
277504.05 
277504.17 
277504.30 
277504.43 
277504.56 
277504.68 
277504.81 
277504.93 
277505.06 
277505.18 
277505.31 
277505.44 
277505.56 
277505.69 
277505.82 
277505.95 
277506.07 
277506.20 
277506.32 
277506.44 
277506.57 
277506.69 
277506.81 
277506.94 
277507.06 
277507.19 
277507.31 
277507.45 
277507.57 
277507.70 
277507.82 
277507.96 
277508.08 
277508.20 
277508.34 
277508.46 
277508.59 
277508.72 
277508.84 
277508.96 
277509.08 
277509.20 
277509.32 
277509.43 
277509.56 
277509.66 
277509.78 
277509.89 
277510.01 
277510.11 
277510.24 
277510.35 
277510.47 
277510.59 
277510.70 
277510.81 
277510.91 
277511.04 
277511.16 
277511.27 
277511.38 
277511.49 
277511.60 
277511.72 
277511.83 
277511.95 
277512.06 
277512.18 
277512.28 
277512.40 
277512.51 
277512.62 
277512.74 
277512.85 
277512.97 
277513.08 
277513.20 
277513.30 
277513.43 
277513.55 
277513.66 
277513.77 
277513.87 
277513.99 
277514.11 
277514.23 
277514.35 
277514.46 
277514.57 
277514.69 
277514.80 
277514.91 
277515.01 
277515.13 
277515.24 
277515.36 
277515.48 
277515.61 
277515.71 
277515.84 
277515.96 
277516.07 
277516.20 
277516.31 
277516.44 
277516.56 
277516.69 
277516.81 
277516.93 
277517.04 
277517.17 
277517.29 
277517.41 
277517.52 
277517.64 
277517.76 
277517.88 
277518.01 
277518.13 
277518.26 
277518.38 
277518.50 
277518.62 
277518.75 
277518.88 
277519.00 
277519.12 
277519.22 
277519.35 
277519.47 
277519.59 
277519.70 
277519.82 
277519.93 
277520.05 
277520.17 
277520.29 
277520.40 
277520.52 
277520.65 
277520.77 
277520.89 
277521.01 
277521.12 
277521.24 
277521.36 
277521.48 
277521.59 
277521.71 
277521.83 
277521.95 
277522.07 
277522.18 
277522.29 
277522.42 
277522.53 
277522.64 
277522.76 
277522.88 
277523.00 
277523.11 
277523.24 
277523.35 
277523.47 
277523.58 
277523.70 
277523.82 
277523.93 
277524.06 
277524.18 
277524.29 
277524.40 
277524.52 
277524.63 
277524.76 
277524.88 
277525.00 
277525.11 
277525.22 
277525.35 
277525.48 
277525.61 
277525.72 
277525.83 
277525.95 
277526.07 
277526.19 
277526.30 
277526.41 
277526.53 
277526.66 
277526.77 
277526.89 
277527.01 
277527.13 
277527.25 
277527.37 
277527.49 
277527.60 
277527.71 
277527.84 
277527.96 
277528.08 
277528.19 
277528.32 
277528.43 
277528.55 
277528.67 
277528.79 
277528.90 
277529.02 
277529.14 
277529.25 
277529.37 
277529.49 
277529.61 
277529.73 
277529.85 
277529.97 
277530.09 
277530.20 
277530.31 
277530.43 
277530.54 
277530.65 
277530.78 
277530.91 
277531.03 
277531.15 
277531.27 
277531.38 
277531.50 
277531.62 
277531.73 
277531.86 
277531.97 
277532.08 
277532.20 
277532.32 
277532.44 
277532.56 
277532.69 
277532.80 
277532.91 
277533.03 
277533.16 
277533.28 
277533.39 
277533.51 
277533.63 
277533.75 
277533.86 
277533.98 
277534.09 
277534.20 
277534.31 
277534.43 
277534.55 
277534.67 
277534.79 
277534.90 
277535.02 
277535.13 
277535.25 
277535.38 
277535.49 
277535.62 
277535.74 
277535.85 
277535.97 
277536.09 
277536.21 
277536.33 
277536.45 
277536.57 
277536.69 
277536.81 
277536.93 
277537.05 
277537.16 
277537.28 
277537.40 
277537.52 
277537.63 
277537.76 
277537.88 
277538.00 
277538.12 
277538.23 
277538.35 
277538.48 
277538.59 
277538.71 
277538.83 
277538.93 
277539.05 
277539.17 
277539.29 
277539.41 
277539.53 
277539.64 
277539.76 
277539.88 
277539.99 
277540.12 
277540.23 
277540.35 
277540.47 
277540.58 
277540.70 
277540.82 
277540.93 
277541.05 
277541.16 
277541.28 
277541.41 
277541.52 
277541.65 
277541.76 
277541.87 
277542.00 
277542.12 
277542.24 
277542.35 
277542.48 
277542.60 
277542.71 
277542.82 
277542.94 
277543.05 
277543.16 
277543.28 
277543.39 
277543.51 
277543.63 
277543.75 
277543.87 
277543.98 
277544.09 
277544.21 
277544.33 
277544.45 
277544.57 
277544.69 
277544.81 
277544.93 
277545.04 
277545.15 
277545.27 
277545.39 
277545.51 
277545.63 
277545.74 
277545.85 
277545.98 
277546.10 
277546.21 
277546.33 
277546.44 
277546.56 
277546.68 
277546.80 
277546.92 
277547.04 
277547.16 
277547.29 
277547.41 
277547.53 
277547.64 
277547.75 
277547.86 
277547.98 
277548.09 
277548.21 
277548.33 
277548.45 
277548.55 
277548.68 
277548.80 
277548.92 
277549.03 
277549.15 
277549.26 
277549.38 
277549.49 
277549.62 
277549.74 
277549.87 
277549.98 
277550.08 
277550.20 
277550.32 
277550.43 
277550.55 
277550.67 
277550.78 
277550.90 
277551.02 
277551.13 
277551.25 
277551.37 
277551.49 
277551.61 
277551.72 
277551.84 
277551.96 
277552.07 
277552.19 
277552.30 
277552.41 
277552.53 
277552.65 
277552.75 
277552.88 
277553.00 
277553.12 
277553.25 
277553.36 
277553.48 
277553.60 
277553.72 
277553.84 
277553.96 
277554.08 
277554.21 
277554.32 
277554.44 
277554.56 
277554.68 
277554.80 
277554.92 
277555.03 
277555.16 
277555.27 
277555.39 
277555.51 
277555.62 
277555.74 
277555.86 
277555.98 
277556.08 
277556.20 
277556.32 
277556.44 
277556.55 
277556.67 
277556.79 
277556.90 
277557.01 
277557.13 
277557.25 
277557.36 
277557.48 
277557.60 
277557.71 
277557.84 
277557.96 
277558.07 
277558.19 
277558.30 
277558.43 
277558.55 
277558.67 
277558.79 
277558.91 
277559.03 
277559.14 
277559.26 
277559.38 
277559.49 
277559.61 
277559.73 
277559.85 
277559.96 
277560.08 
277560.20 
277560.32 
277560.43 
277560.54 
277560.66 
277560.78 
277560.90 
277561.02 
277561.15 
277561.26 
277561.38 
277561.49 
277561.61 
277561.73 
277561.85 
277561.96 
277562.08 
277562.19 
277562.32 
277562.44 
277562.56 
277562.67 
277562.79 
277562.91 
277563.03 
277563.15 
277563.26 
277563.38 
277563.50 
277563.62 
277563.73 
277563.84 
277563.95 
277564.06 
277564.17 
277564.29 
277564.40 
277564.52 
277564.63 
277564.75 
277564.87 
277564.98 
277565.10 
277565.22 
277565.34 
277565.46 
277565.58 
277565.69 
277565.81 
277565.93 
277566.04 
277566.16 
277566.28 
277566.39 
277566.50 
277566.61 
277566.73 
277566.85 
277566.96 
277567.07 
277567.19 
277567.31 
277567.43 
277567.54 
277567.66 
277567.77 
277567.89 
277568.01 
277568.12 
277568.23 
277568.36 
277568.48 
277568.60 
277568.71 
277568.83 
277568.95 
277569.07 
277569.17 
277569.30 
277569.42 
277569.54 
277569.65 
277569.77 
277569.89 
277570.01 
277570.13 
277570.24 
277570.35 
277570.47 
277570.59 
277570.70 
277570.83 
277570.94 
277571.07 
277571.19 
277571.30 
277571.42 
277571.54 
277571.65 
277571.77 
277571.89 
277572.00 
277572.12 
277572.23 
277572.35 
277572.47 
277572.59 
277572.71 
277572.84 
277572.95 
277573.08 
277573.21 
277573.33 
277573.45 
277573.58 
277573.69 
277573.81 
277573.93 
277574.04 
277574.16 
277574.29 
277574.41 
277574.54 
277574.66 
277574.79 
277574.91 
277575.03 
277575.15 
277575.28 
277575.41 
277575.54 
277575.66 
277575.78 
277575.90 
277576.04 
277576.16 
277576.28 
277576.40 
277576.53 
277576.66 
277576.78 
277576.91 
277577.03 
277577.15 
277577.27 
277577.39 
277577.53 
277577.65 
277577.78 
277577.90 
277578.04 
277578.16 
277578.28 
277578.40 
277578.53 
277578.65 
277578.77 
277578.88 
277579.01 
277579.13 
277579.25 
277579.38 
277579.49 
277579.62 
277579.75 
277579.87 
277579.99 
277580.11 
277580.23 
277580.35 
277580.48 
277580.60 
277580.72 
277580.84 
277580.96 
277581.09 
277581.22 
277581.35 
277581.47 
277581.59 
277581.71 
277581.84 
277581.96 
277582.08 
277582.20 
277582.33 
277582.46 
277582.58 
277582.70 
277582.83 
277582.95 
277583.08 
277583.21 
277583.33 
277583.45 
277583.58 
277583.70 
277583.82 
277583.94 
277584.06 
277584.20 
277584.32 
277584.45 
277584.57 
277584.70 
277584.83 
277584.96 
277585.07 
277585.20 
277585.33 
277585.45 
277585.58 
277585.70 
277585.83 
277585.95 
277586.07 
277586.20 
277586.32 
277586.44 
277586.56 
277586.69 
277586.81 
277586.93 
277587.05 
277587.18 
277587.31 
277587.43 
277587.55 
277587.67 
277587.79 
277587.91 
277588.04 
277588.17 
277588.29 
277588.42 
277588.54 
277588.66 
277588.79 
277588.91 
277589.03 
277589.16 
277589.27 
277589.40 
277589.52 
277589.64 
277589.77 
277589.89 
277590.02 
277590.14 
277590.27 
277590.40 
277590.52 
277590.63 
277590.76 
277590.88 
277591.01 
277591.13 
277591.26 
277591.38 
277591.50 
277591.62 
277591.74 
277591.87 
277592.00 
277592.12 
277592.25 
277592.37 
277592.50 
277592.62 
277592.74 
277592.86 
277593.00 
277593.12 
277593.25 
277593.37 
277593.50 
277593.62 
277593.75 
277593.87 
277594.00 
277594.12 
277594.25 
277594.38 
277594.51 
277594.63 
277594.75 
277594.88 
277595.01 
277595.13 
277595.26 
277595.39 
277595.52 
277595.64 
277595.76 
277595.88 
277596.01 
277596.13 
277596.26 
277596.38 
277596.50 
277596.62 
277596.74 
277596.87 
277597.00 
277597.13 
277597.25 
277597.38 
277597.50 
277597.62 
277597.74 
277597.86 
277597.98 
277598.12 
277598.24 
277598.36 
277598.49 
277598.61 
277598.74 
277598.87 
277599.00 
277599.12 
277599.25 
277599.37 
277599.50 
277599.62 
277599.75 
277599.87 
277600.01 
277600.13 
277600.25 
277600.37 
277600.49 
277600.62 
277600.74 
277600.86 
277600.98 
277601.12 
277601.24 
277601.36 
277601.50 
277601.62 
277601.74 
277601.87 
277602.00 
277602.12 
277602.25 
277602.38 
277602.51 
277602.63 
277602.75 
277602.89 
277603.01 
277603.14 
277603.26 
277603.38 
277603.51 
277603.64 
277603.76 
277603.90 
277604.02 
277604.15 
277604.27 
277604.39 
277604.51 
277604.64 
277604.76 
277604.87 
277604.99 
277605.11 
277605.24 
277605.36 
277605.48 
277605.60 
277605.71 
277605.84 
277605.96 
277606.09 
277606.21 
277606.34 
277606.46 
277606.59 
277606.71 
277606.84 
277606.96 
277607.09 
277607.22 
277607.35 
277607.47 
277607.59 
277607.71 
277607.85 
277607.97 
277608.08 
277608.21 
277608.33 
277608.45 
277608.56 
277608.68 
277608.80 
277608.92 
277609.05 
277609.17 
277609.30 
277609.41 
277609.53 
277609.66 
277609.77 
277609.89 
277610.01 
277610.14 
277610.26 
277610.38 
277610.51 
277610.63 
277610.75 
277610.87 
277610.99 
277611.12 
277611.25 
277611.37 
277611.49 
277611.62 
277611.75 
277611.87 
277611.99 
277612.13 
277612.25 
277612.38 
277612.51 
277612.63 
277612.75 
277612.87 
277612.99 
277613.12 
277613.24 
277613.37 
277613.49 
277613.62 
277613.75 
277613.87 
277613.99 
277614.13 
277614.25 
277614.38 
277614.50 
277614.63 
277614.75 
277614.87 
277614.99 
277615.12 
277615.24 
277615.37 
277615.49 
277615.62 
277615.74 
277615.86 
277615.99 
277616.12 
277616.24 
277616.37 
277616.50 
277616.62 
277616.75 
277616.87 
277616.99 
277617.12 
277617.24 
277617.36 
277617.49 
277617.62 
277617.74 
277617.86 
277617.98 
277618.10 
277618.23 
277618.35 
277618.47 
277618.59 
277618.72 
277618.84 
277618.98 
277619.10 
277619.23 
277619.35 
277619.47 
277619.59 
277619.73 
277619.85 
277619.98 
277620.10 
277620.22 
277620.35 
277620.47 
277620.59 
277620.71 
277620.83 
277620.96 
277621.08 
277621.20 
277621.33 
277621.46 
277621.59 
277621.71 
277621.84 
277621.96 
277622.08 
277622.20 
277622.32 
277622.44 
277622.58 
277622.70 
277622.83 
277622.95 
277623.08 
277623.20 
277623.33 
277623.45 
277623.58 
277623.69 
277623.82 
277623.94 
277624.06 
277624.19 
277624.32 
277624.44 
277624.56 
277624.68 
277624.81 
277624.93 
277625.06 
277625.19 
277625.31 
277625.43 
277625.56 
277625.68 
277625.80 
277625.94 
277626.06 
277626.19 
277626.31 
277626.43 
277626.55 
277626.67 
277626.79 
277626.91 
277627.03 
277627.16 
277627.28 
277627.41 
277627.54 
277627.66 
277627.79 
277627.91 
277628.03 
277628.16 
277628.28 
277628.40 
277628.52 
277628.65 
277628.77 
277628.90 
277629.03 
277629.16 
277629.28 
277629.40 
277629.52 
277629.64 
277629.77 
277629.89 
277630.02 
277630.14 
277630.27 
277630.39 
277630.51 
277630.64 
277630.76 
277630.88 
277631.00 
277631.12 
277631.25 
277631.38 
277631.51 
277631.63 
277631.76 
277631.88 
277632.01 
277632.14 
277632.26 
277632.38 
277632.52 
277632.64 
277632.76 
277632.89 
277633.01 
277633.14 
277633.27 
277633.40 
277633.52 
277633.65 
277633.78 
277633.89 
277634.02 
277634.14 
277634.26 
277634.38 
277634.52 
277634.64 
277634.76 
277634.89 
277635.02 
277635.14 
277635.26 
277635.39 
277635.52 
277635.64 
277635.76 
277635.88 
277636.01 
277636.12 
277636.25 
277636.37 
277636.49 
277636.62 
277636.74 
277636.86 
277636.98 
277637.12 
277637.24 
277637.37 
277637.49 
277637.62 
277637.75 
277637.87 
277638.00 
277638.12 
277638.25 
277638.38 
277638.50 
277638.61 
277638.75 
277638.87 
277639.01 
277639.13 
277639.26 
277639.38 
277639.52 
277639.64 
277639.77 
277639.89 
277640.02 
277640.14 
277640.26 
277640.38 
277640.50 
277640.63 
277640.75 
277640.88 
277641.00 
277641.12 
277641.25 
277641.37 
277641.49 
277641.62 
277641.73 
277641.85 
277641.98 
277642.11 
277642.23 
277642.36 
277642.49 
277642.62 
277642.74 
277642.86 
277642.99 
277643.12 
277643.25 
277643.37 
277643.50 
277643.63 
277643.76 
277643.88 
277644.00 
277644.12 
277644.25 
277644.37 
277644.49 
277644.61 
277644.74 
277644.86 
277644.98 
277645.11 
277645.24 
277645.36 
277645.49 
277645.61 
277645.74 
277645.86 
277645.99 
277646.11 
277646.23 
277646.35 
277646.47 
277646.59 
277646.71 
277646.84 
277646.96 
277647.08 
277647.21 
277647.33 
277647.46 
277647.57 
277647.71 
277647.83 
277647.96 
277648.08 
277648.21 
277648.33 
277648.46 
277648.58 
277648.70 
277648.82 
277648.95 
277649.06 
277649.19 
277649.31 
277649.44 
277649.57 
277649.69 
277649.83 
277649.95 
277650.07 
277650.20 
277650.33 
277650.45 
277650.58 
277650.70 
277650.83 
277650.96 
277651.08 
277651.20 
277651.31 
277651.43 
277651.55 
277651.67 
277651.81 
277651.93 
277652.06 
277652.18 
277652.30 
277652.42 
277652.56 
277652.68 
277652.80 
277652.92 
277653.05 
277653.18 
277653.30 
277653.43 
277653.55 
277653.67 
277653.80 
277653.92 
277654.05 
277654.17 
277654.30 
277654.42 
277654.54 
277654.67 
277654.80 
277654.92 
277655.04 
277655.17 
277655.30 
277655.42 
277655.54 
277655.67 
277655.79 
277655.93 
277656.05 
277656.18 
277656.30 
277656.43 
277656.55 
277656.67 
277656.80 
277656.92 
277657.05 
277657.18 
277657.30 
277657.43 
277657.55 
277657.67 
277657.79 
277657.91 
277658.04 
277658.17 
277658.29 
277658.43 
277658.55 
277658.67 
277658.79 
277658.91 
277659.05 
277659.17 
277659.30 
277659.42 
277659.55 
277659.67 
277659.81 
277659.93 
277660.06 
277660.18 
277660.31 
277660.43 
277660.56 
277660.68 
277660.80 
277660.92 
277661.04 
277661.17 
277661.29 
277661.41 
277661.53 
277661.65 
277661.78 
277661.90 
277662.03 
277662.16 
277662.28 
277662.40 
277662.53 
277662.66 
277662.77 
277662.90 
277663.03 
277663.15 
277663.27 
277663.39 
277663.52 
277663.64 
277663.77 
277663.90 
277664.03 
277664.15 
277664.27 
277664.39 
277664.52 
277664.64 
277664.77 
277664.89 
277665.02 
277665.14 
277665.27 
277665.39 
277665.53 
277665.65 
277665.78 
277665.90 
277666.02 
277666.14 
277666.26 
277666.39 
277666.52 
277666.64 
277666.77 
277666.90 
277667.02 
277667.14 
277667.27 
277667.39 
277667.51 
277667.64 
277667.77 
277667.89 
277668.02 
277668.14 
277668.26 
277668.40 
277668.52 
277668.64 
277668.76 
277668.88 
277669.00 
277669.13 
277669.25 
277669.39 
277669.51 
277669.64 
277669.77 
277669.89 
277670.02 
277670.14 
277670.26 
277670.38 
277670.50 
277670.62 
277670.75 
277670.87 
277670.99 
277671.11 
277671.23 
277671.35 
277671.47 
277671.59 
277671.72 
277671.85 
277671.97 
277672.10 
277672.23 
277672.36 
277672.48 
277672.61 
277672.73 
277672.86 
277672.98 
277673.12 
277673.24 
277673.36 
277673.49 
277673.61 
277673.74 
277673.86 
277674.00 
277674.12 
277674.25 
277674.38 
277674.51 
277674.63 
277674.76 
277674.88 
277675.00 
277675.12 
277675.25 
277675.37 
277675.50 
277675.62 
277675.75 
277675.87 
277676.00 
277676.12 
277676.25 
277676.37 
277676.51 
277676.63 
277676.75 
277676.87 
277677.01 
277677.13 
277677.25 
277677.38 
277677.51 
277677.63 
277677.75 
277677.87 
277678.00 
277678.12 
277678.24 
277678.37 
277678.50 
277678.62 
277678.75 
277678.86 
277679.00 
277679.12 
277679.24 
277679.36 
277679.49 
277679.62 
277679.74 
277679.87 
277680.00 
277680.12 
277680.25 
277680.37 
277680.50 
277680.62 
277680.75 
277680.87 
277681.00 
277681.12 
277681.25 
277681.37 
277681.50 
277681.62 
277681.74 
277681.86 
277681.98 
277682.10 
277682.22 
277682.33 
277682.46 
277682.57 
277682.70 
277682.81 
277682.93 
277683.06 
277683.19 
277683.31 
277683.44 
277683.56 
277683.69 
277683.82 
277683.94 
277684.07 
277684.19 
277684.32 
277684.44 
277684.57 
277684.69 
277684.82 
277684.94 
277685.07 
277685.19 
277685.32 
277685.44 
277685.57 
277685.70 
277685.82 
277685.94 
277686.06 
277686.20 
277686.32 
277686.45 
277686.58 
277686.70 
277686.83 
277686.95 
277687.09 
277687.21 
277687.34 
277687.46 
277687.59 
277687.71 
277687.83 
277687.96 
277688.08 
277688.20 
277688.33 
277688.45 
277688.59 
277688.71 
277688.83 
277688.95 
277689.07 
277689.21 
277689.33 
277689.46 
277689.58 
277689.71 
277689.83 
277689.95 
277690.08 
277690.20 
277690.33 
277690.46 
277690.59 
277690.71 
277690.83 
277690.95 
277691.07 
277691.21 
277691.33 
277691.46 
277691.58 
277691.71 
277691.83 
277691.96 
277692.09 
277692.22 
277692.35 
277692.48 
277692.60 
277692.74 
277692.86 
277692.99 
277693.11 
277693.25 
277693.37 
277693.50 
277693.63 
277693.75 
277693.87 
277694.00 
277694.13 
277694.26 
277694.38 
277694.50 
277694.62 
277694.75 
277694.87 
277695.00 
277695.12 
277695.25 
277695.37 
277695.50 
277695.62 
277695.75 
277695.87 
277696.00 
277696.13 
277696.25 
277696.37 
277696.49 
277696.61 
277696.73 
277696.86 
277696.98 
277697.10 
277697.23 
277697.36 
277697.48 
277697.59 
277697.71 
277697.83 
277697.96 
277698.09 
277698.21 
277698.34 
277698.46 
277698.58 
277698.72 
277698.84 
277698.96 
277699.08 
277699.21 
277699.33 
277699.46 
277699.58 
277699.71 
277699.83 
277699.95 
277700.07 
277700.19 
277700.31 
277700.43 
277700.55 
277700.68 
277700.80 
277700.93 
277701.06 
277701.17 
277701.30 
277701.42 
277701.54 
277701.66 
277701.78 
277701.90 
277702.03 
277702.15 
277702.27 
277702.41 
277702.53 
277702.65 
277702.78 
277702.91 
277703.03 
277703.16 
277703.28 
277703.41 
277703.54 
277703.66 
277703.79 
277703.91 
277704.03 
277704.16 
277704.28 
277704.40 
277704.53 
277704.66 
277704.78 
277704.91 
277705.04 
277705.17 
277705.29 
277705.42 
277705.55 
277705.67 
277705.80 
277705.92 
277706.05 
277706.17 
277706.30 
277706.43 
277706.55 
277706.67 
277706.79 
277706.93 
277707.05 
277707.18 
277707.30 
277707.43 
277707.55 
277707.67 
277707.80 
277707.92 
277708.05 
277708.18 
277708.31 
277708.43 
277708.55 
277708.68 
277708.80 
277708.92 
277709.05 
277709.17 
277709.30 
277709.42 
277709.54 
277709.66 
277709.80 
277709.92 
277710.06 
277710.18 
277710.30 
277710.43 
277710.55 
277710.67 
277710.81 
277710.93 
277711.05 
277711.18 
277711.31 
277711.43 
277711.57 
277711.69 
277711.82 
277711.95 
277712.07 
277712.19 
277712.32 
277712.44 
277712.56 
277712.69 
277712.82 
277712.95 
277713.06 
277713.18 
277713.30 
277713.43 
277713.56 
277713.68 
277713.81 
277713.93 
277714.05 
277714.17 
277714.29 
277714.41 
277714.53 
277714.65 
277714.78 
277714.91 
277715.04 
277715.16 
277715.28 
277715.40 
277715.54 
277715.66 
277715.78 
277715.91 
277716.04 
277716.16 
277716.28 
277716.41 
277716.54 
277716.66 
277716.79 
277716.91 
277717.03 
277717.17 
277717.29 
277717.42 
277717.55 
277717.67 
277717.79 
277717.92 
277718.04 
277718.17 
277718.29 
277718.42 
277718.54 
277718.67 
277718.79 
277718.92 
277719.04 
277719.16 
277719.29 
277719.42 
277719.54 
277719.66 
277719.78 
277719.91 
277720.04 
277720.16 
277720.28 
277720.42 
277720.54 
277720.66 
277720.79 
277720.91 
277721.05 
277721.17 
277721.29 
277721.41 
277721.53 
277721.66 
277721.79 
277721.92 
277722.04 
277722.16 
277722.29 
277722.42 
277722.55 
277722.67 
277722.79 
277722.91 
277723.04 
277723.16 
277723.28 
277723.40 
277723.54 
277723.66 
277723.79 
277723.91 
277724.03 
277724.15 
277724.29 
277724.41 
277724.54 
277724.66 
277724.80 
277724.92 
277725.04 
277725.16 
277725.29 
277725.42 
277725.54 
277725.67 
277725.79 
277725.92 
277726.04 
277726.16 
277726.28 
277726.41 
277726.53 
277726.66 
277726.77 
277726.90 
277727.03 
277727.15 
277727.28 
277727.40 
277727.53 
277727.66 
277727.78 
277727.90 
277728.03 
277728.16 
277728.27 
277728.41 
277728.52 
277728.64 
277728.75 
277728.87 
277729.00 
277729.13 
277729.25 
277729.38 
277729.50 
277729.63 
277729.76 
277729.88 
277730.00 
277730.12 
277730.24 
277730.38 
277730.50 
277730.63 
277730.75 
277730.87 
277730.99 
277731.11 
277731.24 
277731.36 
277731.48 
277731.61 
277731.74 
277731.85 
277731.97 
277732.10 
277732.22 
277732.35 
277732.47 
277732.60 
277732.72 
277732.85 
277732.97 
277733.10 
277733.22 
277733.34 
277733.46 
277733.58 
277733.72 
277733.84 
277733.96 
277734.10 
277734.22 
277734.34 
277734.46 
277734.60 
277734.72 
277734.85 
277734.97 
277735.10 
277735.22 
277735.35 
277735.48 
277735.60 
277735.72 
277735.84 
277735.96 
277736.08 
277736.20 
277736.32 
277736.44 
277736.58 
277736.70 
277736.83 
277736.95 
277737.08 
277737.20 
277737.33 
277737.46 
277737.58 
277737.71 
277737.82 
277737.96 
277738.08 
277738.21 
277738.33 
277738.46 
277738.58 
277738.71 
277738.83 
277738.96 
277739.08 
277739.20 
277739.32 
277739.44 
277739.57 
277739.69 
277739.82 
277739.95 
277740.07 
277740.20 
277740.32 
277740.44 
277740.57 
277740.69 
277740.82 
277740.94 
277741.07 
277741.20 
277741.32 
277741.45 
277741.57 
277741.70 
277741.82 
277741.95 
277742.08 
277742.20 
277742.34 
277742.46 
277742.57 
277742.70 
277742.82 
277742.94 
277743.07 
277743.19 
277743.32 
277743.44 
277743.57 
277743.69 
277743.82 
277743.93 
277744.05 
277744.17 
277744.30 
277744.43 
277744.55 
277744.67 
277744.79 
277744.92 
277745.05 
277745.17 
277745.29 
277745.41 
277745.54 
277745.66 
277745.80 
277745.92 
277746.04 
277746.17 
277746.29 
277746.42 
277746.54 
277746.67 
277746.79 
277746.92 
277747.04 
277747.16 
277747.29 
277747.41 
277747.54 
277747.67 
277747.80 
277747.92 
277748.04 
277748.16 
277748.29 
277748.42 
277748.54 
277748.67 
277748.81 
277748.93 
277749.06 
277749.18 
277749.31 
277749.44 
277749.56 
277749.68 
277749.80 
277749.94 
277750.06 
277750.19 
277750.31 
277750.43 
277750.56 
277750.68 
277750.81 
277750.94 
277751.06 
277751.18 
277751.31 
277751.44 
277751.56 
277751.68 
277751.81 
277751.93 
277752.05 
277752.18 
277752.31 
277752.43 
277752.55 
277752.68 
277752.80 
277752.92 
277753.05 
277753.18 
277753.30 
277753.43 
277753.55 
277753.67 
277753.79 
277753.92 
277754.04 
277754.17 
277754.30 
277754.43 
277754.55 
277754.67 
277754.79 
277754.91 
277755.04 
277755.16 
277755.29 
277755.42 
277755.54 
277755.67 
277755.79 
277755.92 
277756.04 
277756.16 
277756.29 
277756.42 
277756.54 
277756.67 
277756.79 
277756.91 
277757.04 
277757.16 
277757.29 
277757.42 
277757.54 
277757.68 
277757.80 
277757.93 
277758.05 
277758.17 
277758.29 
277758.41 
277758.53 
277758.65 
277758.78 
277758.90 
277759.03 
277759.15 
277759.27 
277759.38 
277759.51 
277759.64 
277759.76 
277759.89 
277760.01 
277760.13 
277760.25 
277760.38 
277760.50 
277760.62 
277760.74 
277760.87 
277760.99 
277761.12 
277761.24 
277761.36 
277761.49 
277761.61 
277761.74 
277761.86 
277761.99 
277762.11 
277762.25 
277762.37 
277762.50 
277762.63 
277762.75 
277762.88 
277763.00 
277763.13 
277763.26 
277763.37 
277763.50 
277763.63 
277763.75 
277763.87 
277763.99 
277764.11 
277764.23 
277764.36 
277764.48 
277764.60 
277764.72 
277764.85 
277764.97 
277765.10 
277765.22 
277765.35 
277765.47 
277765.61 
277765.73 
277765.85 
277765.98 
277766.10 
277766.22 
277766.36 
277766.47 
277766.61 
277766.74 
277766.87 
277767.00 
277767.12 
277767.24 
277767.36 
277767.50 
277767.62 
277767.75 
277767.87 
277768.00 
277768.13 
277768.25 
277768.38 
277768.51 
277768.64 
277768.76 
277768.89 
277769.01 
277769.14 
277769.27 
277769.40 
277769.52 
277769.64 
277769.77 
277769.89 
277770.02 
277770.14 
277770.26 
277770.38 
277770.51 
277770.63 
277770.76 
277770.88 
277771.01 
277771.14 
277771.26 
277771.38 
277771.50 
277771.62 
277771.75 
277771.88 
277772.00 
277772.13 
277772.25 
277772.38 
277772.50 
277772.63 
277772.75 
277772.88 
277773.00 
277773.13 
277773.25 
277773.38 
277773.51 
277773.63 
277773.75 
277773.87 
277774.01 
277774.13 
277774.26 
277774.37 
277774.50 
277774.64 
277774.76 
277774.88 
277775.00 
277775.12 
277775.24 
277775.37 
277775.50 
277775.61 
277775.74 
277775.86 
277775.99 
277776.11 
277776.24 
277776.36 
277776.49 
277776.61 
277776.74 
277776.86 
277776.99 
277777.11 
277777.24 
277777.36 
277777.49 
277777.62 
277777.75 
277777.87 
277777.99 
277778.11 
277778.24 
277778.36 
277778.48 
277778.60 
277778.73 
277778.85 
277778.98 
277779.11 
277779.24 
277779.36 
277779.48 
277779.60 
277779.72 
277779.85 
277779.97 
277780.09 
277780.22 
277780.34 
277780.46 
277780.58 
277780.70 
277780.83 
277780.95 
277781.07 
277781.18 
277781.30 
277781.42 
277781.54 
277781.66 
277781.78 
277781.92 
277782.04 
277782.17 
277782.29 
277782.42 
277782.54 
277782.66 
277782.78 
277782.91 
277783.03 
277783.15 
277783.28 
277783.41 
277783.53 
277783.66 
277783.78 
277783.90 
277784.02 
277784.15 
277784.28 
277784.40 
277784.53 
277784.66 
277784.78 
277784.90 
277785.03 
277785.15 
277785.28 
277785.40 
277785.53 
277785.65 
277785.78 
277785.90 
277786.02 
277786.14 
277786.27 
277786.39 
277786.52 
277786.64 
277786.76 
277786.89 
277787.02 
277787.14 
277787.26 
277787.39 
277787.51 
277787.64 
277787.77 
277787.89 
277788.02 
277788.14 
277788.26 
277788.39 
277788.51 
277788.63 
277788.75 
277788.87 
277788.99 
277789.11 
277789.25 
277789.36 
277789.49 
277789.61 
277789.74 
277789.86 
277789.99 
277790.11 
277790.23 
277790.35 
277790.47 
277790.59 
277790.71 
277790.84 
277790.97 
277791.09 
277791.22 
277791.33 
277791.45 
277791.58 
277791.70 
277791.82 
277791.95 
277792.07 
277792.20 
277792.32 
277792.45 
277792.57 
277792.70 
277792.82 
277792.95 
277793.06 
277793.20 
277793.32 
277793.44 
277793.57 
277793.69 
277793.82 
277793.94 
277794.06 
277794.18 
277794.32 
277794.44 
277794.56 
277794.68 
277794.80 
277794.93 
277795.04 
277795.17 
277795.29 
277795.42 
277795.55 
277795.68 
277795.80 
277795.92 
277796.06 
277796.18 
277796.31 
277796.43 
277796.55 
277796.67 
277796.80 
277796.93 
277797.06 
277797.18 
277797.30 
277797.42 
277797.54 
277797.68 
277797.80 
277797.93 
277798.05 
277798.18 
277798.30 
277798.43 
277798.55 
277798.68 
277798.81 
277798.93 
277799.06 
277799.18 
277799.31 
277799.44 
277799.56 
277799.68 
277799.80 
277799.92 
277800.05 
277800.17 
277800.30 
277800.42 
277800.55 
277800.67 
277800.81 
277800.93 
277801.06 
277801.18 
277801.31 
277801.43 
277801.56 
277801.68 
277801.80 
277801.93 
277802.05 
277802.17 
277802.29 
277802.42 
277802.54 
277802.66 
277802.78 
277802.91 
277803.03 
277803.16 
277803.28 
277803.41 
277803.53 
277803.66 
277803.79 
277803.92 
277804.04 
277804.17 
277804.29 
277804.42 
277804.55 
277804.68 
277804.80 
277804.93 
277805.06 
277805.18 
277805.30 
277805.42 
277805.54 
277805.66 
277805.78 
277805.89 
277806.01 
277806.14 
277806.26 
277806.38 
277806.50 
277806.62 
277806.75 
277806.87 
277807.00 
277807.12 
277807.25 
277807.37 
277807.49 
277807.62 
277807.74 
277807.87 
277807.99 
277808.13 
277808.25 
277808.38 
277808.50 
277808.63 
277808.75 
277808.87 
277808.99 
277809.12 
277809.25 
277809.36 
277809.48 
277809.61 
277809.74 
277809.86 
277809.99 
277810.11 
277810.23 
277810.35 
277810.49 
277810.61 
277810.74 
277810.86 
277810.97 
277811.10 
277811.23 
277811.35 
277811.47 
277811.59 
277811.73 
277811.85 
277811.98 
277812.10 
277812.23 
277812.36 
277812.48 
277812.60 
277812.72 
277812.85 
277812.97 
277813.10 
277813.23 
277813.36 
277813.48 
277813.61 
277813.74 
277813.86 
277813.99 
277814.11 
277814.23 
277814.35 
277814.48 
277814.61 
277814.75 
277814.87 
277814.99 
277815.12 
277815.24 
277815.36 
277815.48 
277815.60 
277815.72 
277815.84 
277815.98 
277816.10 
277816.23 
277816.35 
277816.47 
277816.59 
277816.72 
277816.84 
277816.97 
277817.10 
277817.23 
277817.35 
277817.47 
277817.59 
277817.71 
277817.83 
277817.95 
277818.07 
277818.19 
277818.33 
277818.45 
277818.57 
277818.69 
277818.81 
277818.94 
277819.06 
277819.19 
277819.31 
277819.43 
277819.55 
277819.69 
277819.81 
277819.94 
277820.06 
277820.19 
277820.31 
277820.44 
277820.56 
277820.69 
277820.82 
277820.94 
277821.06 
277821.19 
277821.32 
277821.44 
277821.56 
277821.69 
277821.81 
277821.94 
277822.06 
277822.19 
277822.31 
277822.43 
277822.55 
277822.68 
277822.81 
277822.93 
277823.06 
277823.18 
277823.31 
277823.43 
277823.57 
277823.69 
277823.83 
277823.95 
277824.07 
277824.19 
277824.32 
277824.45 
277824.57 
277824.70 
277824.83 
277824.95 
277825.07 
277825.20 
277825.32 
277825.45 
277825.56 
277825.69 
277825.81 
277825.94 
277826.06 
277826.19 
277826.32 
277826.44 
277826.57 
277826.70 
277826.82 
277826.94 
277827.06 
277827.20 
277827.32 
277827.45 
277827.57 
277827.70 
277827.83 
277827.95 
277828.07 
277828.19 
277828.32 
277828.45 
277828.57 
277828.70 
277828.82 
277828.95 
277829.07 
277829.20 
277829.32 
277829.45 
277829.57 
277829.70 
277829.83 
277829.95 
277830.07 
277830.20 
277830.32 
277830.44 
277830.56 
277830.68 
277830.81 
277830.93 
277831.06 
277831.18 
277831.31 
277831.43 
277831.55 
277831.67 
277831.80 
277831.92 
277832.04 
277832.17 
277832.29 
277832.41 
277832.54 
277832.67 
277832.79 
277832.92 
277833.04 
277833.17 
277833.29 
277833.42 
277833.54 
277833.67 
277833.79 
277833.92 
277834.05 
277834.18 
277834.31 
277834.43 
277834.56 
277834.68 
277834.82 
277834.94 
277835.06 
277835.18 
277835.32 
277835.44 
277835.56 
277835.69 
277835.82 
277835.94 
277836.07 
277836.20 
277836.32 
277836.44 
277836.57 
277836.69 
277836.81 
277836.93 
277837.05 
277837.18 
277837.30 
277837.43 
277837.55 
277837.67 
277837.80 
277837.93 
277838.05 
277838.17 
277838.31 
277838.43 
277838.55 
277838.67 
277838.79 
277838.92 
277839.04 
277839.17 
277839.30 
277839.42 
277839.55 
277839.67 
277839.80 
277839.93 
277840.05 
277840.17 
277840.30 
277840.43 
277840.55 
277840.67 
277840.79 
277840.92 
277841.04 
277841.17 
277841.29 
277841.42 
277841.54 
277841.66 
277841.78 
277841.91 
277842.03 
277842.15 
277842.28 
277842.41 
277842.53 
277842.66 
277842.78 
277842.91 
277843.03 
277843.15 
277843.27 
277843.40 
277843.52 
277843.65 
277843.78 
277843.90 
277844.03 
277844.15 
277844.28 
277844.41 
277844.53 
277844.66 
277844.78 
277844.91 
277845.03 
277845.15 
277845.27 
277845.39 
277845.52 
277845.64 
277845.77 
277845.89 
277846.03 
277846.15 
277846.27 
277846.39 
277846.53 
277846.65 
277846.78 
277846.90 
277847.02 
277847.14 
277847.26 
277847.39 
277847.51 
277847.64 
277847.77 
277847.89 
277848.02 
277848.15 
277848.27 
277848.40 
277848.52 
277848.65 
277848.77 
277848.90 
277849.03 
277849.15 
277849.27 
277849.40 
277849.52 
277849.65 
277849.78 
277849.90 
277850.03 
277850.15 
277850.28 
277850.40 
277850.53 
277850.65 
277850.78 
277850.90 
277851.03 
277851.15 
277851.27 
277851.39 
277851.51 
277851.63 
277851.75 
277851.87 
277851.99 
277852.12 
277852.25 
277852.36 
277852.48 
277852.61 
277852.74 
277852.87 
277852.99 
277853.12 
277853.24 
277853.37 
277853.49 
277853.62 
277853.74 
277853.86 
277853.98 
277854.11 
277854.23 
277854.37 
277854.49 
277854.62 
277854.74 
277854.87 
277854.99 
277855.12 
277855.24 
277855.37 
277855.49 
277855.61 
277855.73 
277855.85 
277855.96 
277856.09 
277856.21 
277856.34 
277856.46 
277856.58 
277856.70 
277856.83 
277856.95 
277857.07 
277857.21 
277857.33 
277857.46 
277857.57 
277857.70 
277857.82 
277857.94 
277858.05 
277858.18 
277858.31 
277858.44 
277858.56 
277858.68 
277858.81 
277858.94 
277859.06 
277859.18 
277859.31 
277859.43 
277859.55 
277859.67 
277859.79 
277859.91 
277860.03 
277860.16 
277860.28 
277860.41 
277860.54 
277860.66 
277860.79 
277860.92 
277861.04 
277861.17 
277861.30 
277861.41 
277861.54 
277861.66 
277861.77 
277861.90 
277862.02 
277862.14 
277862.27 
277862.40 
277862.52 
277862.64 
277862.76 
277862.89 
277863.01 
277863.14 
277863.27 
277863.40 
277863.52 
277863.64 
277863.78 
277863.90 
277864.02 
277864.14 
277864.27 
277864.40 
277864.52 
277864.64 
277864.76 
277864.89 
277865.02 
277865.15 
277865.27 
277865.39 
277865.51 
277865.64 
277865.76 
277865.88 
277865.99 
277866.13 
277866.25 
277866.38 
277866.50 
277866.63 
277866.75 
277866.88 
277867.00 
277867.13 
277867.26 
277867.39 
277867.51 
277867.63 
277867.74 
277867.86 
277867.98 
277868.10 
277868.23 
277868.35 
277868.49 
277868.61 
277868.74 
277868.86 
277868.98 
277869.11 
277869.23 
277869.36 
277869.48 
277869.61 
277869.74 
277869.86 
277869.98 
277870.11 
277870.23 
277870.35 
277870.49 
277870.61 
277870.74 
277870.86 
277870.99 
277871.11 
277871.23 
277871.35 
277871.47 
277871.61 
277871.73 
277871.86 
277871.98 
277872.11 
277872.23 
277872.37 
277872.49 
277872.62 
277872.75 
277872.87 
277872.99 
277873.11 
277873.23 
277873.35 
277873.47 
277873.60 
277873.72 
277873.84 
277873.97 
277874.09 
277874.22 
277874.34 
277874.46 
277874.59 
277874.71 
277874.84 
277874.96 
277875.08 
277875.20 
277875.32 
277875.44 
277875.56 
277875.68 
277875.81 
277875.93 
277876.05 
277876.18 
277876.31 
277876.43 
277876.55 
277876.68 
277876.80 
277876.93 
277877.06 
277877.17 
277877.30 
277877.43 
277877.55 
277877.67 
277877.80 
277877.92 
277878.04 
277878.17 
277878.29 
277878.42 
277878.54 
277878.66 
277878.78 
277878.92 
277879.04 
277879.17 
277879.29 
277879.42 
277879.54 
277879.67 
277879.79 
277879.92 
277880.04 
277880.17 
277880.29 
277880.42 
277880.54 
277880.66 
277880.79 
277880.91 
277881.04 
277881.16 
277881.28 
277881.41 
277881.53 
277881.65 
277881.77 
277881.90 
277882.02 
277882.15 
277882.27 
277882.39 
277882.53 
277882.65 
277882.78 
277882.90 
277883.03 
277883.15 
277883.28 
277883.40 
277883.53 
277883.65 
277883.78 
277883.91 
277884.04 
277884.16 
277884.29 
277884.41 
277884.54 
277884.66 
277884.78 
277884.91 
277885.03 
277885.16 
277885.28 
277885.40 
277885.52 
277885.64 
277885.76 
277885.88 
277886.00 
277886.13 
277886.25 
277886.38 
277886.51 
277886.63 
277886.75 
277886.87 
277886.99 
277887.12 
277887.24 
277887.37 
277887.49 
277887.62 
277887.75 
277887.87 
277887.99 
277888.10 
277888.23 
277888.35 
277888.48 
277888.61 
277888.73 
277888.86 
277888.98 
277889.11 
277889.23 
277889.35 
277889.47 
277889.59 
277889.71 
277889.83 
277889.95 
277890.08 
277890.21 
277890.34 
277890.46 
277890.58 
277890.71 
277890.83 
277890.95 
277891.08 
277891.20 
277891.30 
277891.43 
277891.55 
277891.69 
277891.81 
277891.94 
277892.06 
277892.19 
277892.31 
277892.44 
277892.56 
277892.68 
277892.80 
277892.93 
277893.05 
277893.18 
277893.30 
277893.43 
277893.56 
277893.68 
277893.81 
277893.94 
277894.06 
277894.17 
277894.30 
277894.42 
277894.54 
277894.67 
277894.79 
277894.92 
277895.04 
277895.17 
277895.29 
277895.42 
277895.55 
277895.66 
277895.79 
277895.91 
277896.04 
277896.16 
277896.28 
277896.41 
277896.54 
277896.66 
277896.77 
277896.90 
277897.02 
277897.15 
277897.27 
277897.40 
277897.52 
277897.66 
277897.78 
277897.90 
277898.02 
277898.15 
277898.27 
277898.40 
277898.52 
277898.64 
277898.76 
277898.88 
277899.01 
277899.14 
277899.27 
277899.39 
277899.52 
277899.65 
277899.78 
277899.90 
277900.02 
277900.15 
277900.27 
277900.39 
277900.53 
277900.65 
277900.77 
277900.88 
277901.01 
277901.13 
277901.25 
277901.38 
277901.50 
277901.63 
277901.75 
277901.88 
277902.00 
277902.12 
277902.24 
277902.36 
277902.48 
277902.60 
277902.73 
277902.86 
277902.98 
277903.11 
277903.23 
277903.35 
277903.47 
277903.60 
277903.72 
277903.86 
277903.98 
277904.11 
277904.24 
277904.36 
277904.48 
277904.60 
277904.73 
277904.86 
277904.98 
277905.10 
277905.23 
277905.35 
277905.48 
277905.60 
277905.72 
277905.84 
277905.96 
277906.08 
277906.20 
277906.32 
277906.44 
277906.56 
277906.69 
277906.82 
277906.94 
277907.06 
277907.19 
277907.31 
277907.43 
277907.55 
277907.69 
277907.81 
277907.93 
277908.05 
277908.18 
277908.31 
277908.43 
277908.56 
277908.69 
277908.82 
277908.94 
277909.07 
277909.19 
277909.32 
277909.46 
277909.57 
277909.71 
277909.83 
277909.95 
277910.07 
277910.20 
277910.33 
277910.45 
277910.58 
277910.71 
277910.84 
277910.96 
277911.09 
277911.21 
277911.34 
277911.46 
277911.59 
277911.71 
277911.84 
277911.96 
277912.08 
277912.21 
277912.34 
277912.45 
277912.58 
277912.70 
277912.81 
277912.93 
277913.06 
277913.18 
277913.31 
277913.43 
277913.55 
277913.68 
277913.80 
277913.93 
277914.05 
277914.17 
277914.29 
277914.42 
277914.55 
277914.67 
277914.80 
277914.92 
277915.05 
277915.17 
277915.30 
277915.42 
277915.55 
277915.67 
277915.79 
277915.92 
277916.04 
277916.17 
277916.30 
277916.43 
277916.55 
277916.68 
277916.80 
277916.93 
277917.05 
277917.17 
277917.29 
277917.41 
277917.55 
277917.67 
277917.80 
277917.93 
277918.05 
277918.18 
277918.31 
277918.43 
277918.55 
277918.67 
277918.80 
277918.92 
277919.05 
277919.17 
277919.30 
277919.42 
277919.55 
277919.67 
277919.80 
277919.92 
277920.04 
277920.16 
277920.29 
277920.41 
277920.54 
277920.67 
277920.79 
277920.92 
277921.05 
277921.17 
277921.30 
277921.42 
277921.55 
277921.67 
277921.80 
277921.92 
277922.05 
277922.17 
277922.30 
277922.43 
277922.56 
277922.68 
277922.81 
277922.94 
277923.06 
277923.17 
277923.30 
277923.43 
277923.55 
277923.67 
277923.80 
277923.92 
277924.04 
277924.17 
277924.29 
277924.42 
277924.55 
277924.67 
277924.79 
277924.92 
277925.05 
277925.17 
277925.30 
277925.43 
277925.55 
277925.67 
277925.80 
277925.92 
277926.06 
277926.18 
277926.31 
277926.43 
277926.55 
277926.68 
277926.80 
277926.94 
277927.06 
277927.19 
277927.32 
277927.44 
277927.57 
277927.70 
277927.82 
277927.94 
277928.06 
277928.18 
277928.31 
277928.44 
277928.56 
277928.70 
277928.82 
277928.95 
277929.07 
277929.20 
277929.32 
277929.44 
277929.56 
277929.67 
277929.80 
277929.92 
277930.06 
277930.18 
277930.30 
277930.42 
277930.55 
277930.68 
277930.80 
277930.93 
277931.05 
277931.18 
277931.31 
277931.43 
277931.55 
277931.67 
277931.80 
277931.93 
277932.05 
277932.17 
277932.29 
277932.41 
277932.53 
277932.65 
277932.78 
277932.91 
277933.04 
277933.16 
277933.28 
277933.40 
277933.52 
277933.65 
277933.77 
277933.90 
277934.03 
277934.15 
277934.28 
277934.40 
277934.53 
277934.66 
277934.77 
277934.90 
277935.03 
277935.15 
277935.27 
277935.41 
277935.53 
277935.65 
277935.78 
277935.90 
277936.02 
277936.15 
277936.27 
277936.39 
277936.51 
277936.63 
277936.76 
277936.88 
277937.02 
277937.14 
277937.27 
277937.39 
277937.52 
277937.64 
277937.77 
277937.89 
277938.02 
277938.14 
277938.27 
277938.40 
277938.52 
277938.65 
277938.78 
277938.89 
277939.02 
277939.14 
277939.27 
277939.39 
277939.52 
277939.65 
277939.78 
277939.90 
277940.03 
277940.15 
277940.27 
277940.41 
277940.53 
277940.66 
277940.78 
277940.91 
277941.03 
277941.16 
277941.29 
277941.42 
277941.55 
277941.67 
277941.79 
277941.91 
277942.04 
277942.16 
277942.28 
277942.40 
277942.52 
277942.65 
277942.77 
277942.89 
277943.02 
277943.14 
277943.26 
277943.40 
277943.52 
277943.65 
277943.78 
277943.90 
277944.02 
277944.15 
277944.27 
277944.39 
277944.52 
277944.64 
277944.77 
277944.89 
277945.00 
277945.11 
277945.24 
277945.36 
277945.48 
277945.61 
277945.73 
277945.86 
277945.98 
277946.11 
277946.23 
277946.37 
277946.49 
277946.62 
277946.74 
277946.86 
277946.99 
277947.11 
277947.25 
277947.37 
277947.50 
277947.62 
277947.74 
277947.88 
277948.00 
277948.12 
277948.24 
277948.37 
277948.49 
277948.62 
277948.74 
277948.86 
277948.99 
277949.12 
277949.24 
277949.37 
277949.50 
277949.63 
277949.75 
277949.87 
277950.00 
277950.12 
277950.24 
277950.36 
277950.49 
277950.61 
277950.74 
277950.86 
277950.99 
277951.11 
277951.23 
277951.36 
277951.48 
277951.60 
277951.72 
277951.84 
277951.97 
277952.09 
277952.22 
277952.35 
277952.47 
277952.60 
277952.72 
277952.85 
277952.97 
277953.09 
277953.21 
277953.34 
277953.46 
277953.58 
277953.70 
277953.84 
277953.96 
277954.08 
277954.21 
277954.34 
277954.46 
277954.59 
277954.71 
277954.84 
277954.97 
277955.09 
277955.21 
277955.33 
277955.46 
277955.57 
277955.70 
277955.83 
277955.95 
277956.07 
277956.19 
277956.31 
277956.43 
277956.56 
277956.68 
277956.80 
277956.93 
277957.06 
277957.17 
277957.30 
277957.43 
277957.55 
277957.67 
277957.79 
277957.92 
277958.04 
277958.16 
277958.29 
277958.42 
277958.54 
277958.66 
277958.79 
277958.92 
277959.05 
277959.18 
277959.30 
277959.43 
277959.55 
277959.67 
277959.79 
277959.93 
277960.05 
277960.17 
277960.30 
277960.41 
277960.53 
277960.65 
277960.77 
277960.89 
277961.02 
277961.14 
277961.26 
277961.38 
277961.50 
277961.63 
277961.76 
277961.88 
277962.01 
277962.14 
277962.26 
277962.38 
277962.52 
277962.64 
277962.77 
277962.89 
277963.02 
277963.14 
277963.26 
277963.38 
277963.51 
277963.64 
277963.76 
277963.88 
277964.00 
277964.12 
277964.25 
277964.38 
277964.51 
277964.63 
277964.76 
277964.88 
277965.00 
277965.12 
277965.25 
277965.38 
277965.51 
277965.63 
277965.75 
277965.87 
277965.99 
277966.11 
277966.24 
277966.36 
277966.48 
277966.60 
277966.72 
277966.84 
277966.96 
277967.09 
277967.22 
277967.35 
277967.47 
277967.60 
277967.72 
277967.85 
277967.97 
277968.09 
277968.23 
277968.35 
277968.47 
277968.59 
277968.73 
277968.85 
277968.98 
277969.10 
277969.23 
277969.35 
277969.47 
277969.59 
277969.72 
277969.85 
277969.97 
277970.10 
277970.22 
277970.35 
277970.47 
277970.59 
277970.71 
277970.83 
277970.95 
277971.07 
277971.20 
277971.32 
277971.45 
277971.58 
277971.70 
277971.83 
277971.95 
277972.07 
277972.20 
277972.32 
277972.44 
277972.57 
277972.70 
277972.82 
277972.94 
277973.06 
277973.18 
277973.31 
277973.44 
277973.55 
277973.68 
277973.81 
277973.93 
277974.06 
277974.18 
277974.31 
277974.43 
277974.57 
277974.69 
277974.82 
277974.95 
277975.07 
277975.19 
277975.32 
277975.45 
277975.57 
277975.70 
277975.82 
277975.94 
277976.06 
277976.18 
277976.31 
277976.43 
277976.55 
277976.67 
277976.81 
277976.93 
277977.06 
277977.18 
277977.31 
277977.43 
277977.56 
277977.68 
277977.80 
277977.92 
277978.04 
277978.16 
277978.29 
277978.43 
277978.55 
277978.67 
277978.81 
277978.93 
277979.05 
277979.17 
277979.29 
277979.42 
277979.54 
277979.66 
277979.79 
277979.91 
277980.03 
277980.16 
277980.29 
277980.42 
277980.54 
277980.66 
277980.78 
277980.90 
277981.02 
277981.15 
277981.27 
277981.39 
277981.53 
277981.65 
277981.78 
277981.90 
277982.03 
277982.15 
277982.27 
277982.39 
277982.53 
277982.65 
277982.78 
277982.90 
277983.03 
277983.15 
277983.29 
277983.41 
277983.54 
277983.66 
277983.78 
277983.92 
277984.04 
277984.17 
277984.30 
277984.42 
277984.55 
277984.67 
277984.80 
277984.92 
277985.04 
277985.17 
277985.29 
277985.42 
277985.55 
277985.68 
277985.80 
277985.93 
277986.06 
277986.18 
277986.30 
277986.42 
277986.56 
277986.68 
277986.80 
277986.92 
277987.05 
277987.18 
277987.30 
277987.43 
277987.55 
277987.67 
277987.80 
277987.93 
277988.05 
277988.17 
277988.29 
277988.41 
277988.54 
277988.66 
277988.79 
277988.91 
277989.04 
277989.16 
277989.28 
277989.42 
277989.54 
277989.66 
277989.80 
277989.92 
277990.05 
277990.17 
277990.31 
277990.43 
277990.55 
277990.69 
277990.81 
277990.94 
277991.06 
277991.18 
277991.30 
277991.42 
277991.53 
277991.66 
277991.78 
277991.91 
277992.03 
277992.17 
277992.29 
277992.42 
277992.54 
277992.67 
277992.80 
277992.92 
277993.04 
277993.16 
277993.29 
277993.41 
277993.54 
277993.66 
277993.80 
277993.92 
277994.04 
277994.16 
277994.30 
277994.42 
277994.55 
277994.67 
277994.80 
277994.92 
277995.04 
277995.17 
277995.30 
277995.43 
277995.55 
277995.67 
277995.79 
277995.91 
277996.04 
277996.16 
277996.29 
277996.42 
277996.55 
277996.67 
277996.79 
277996.93 
277997.05 
277997.18 
277997.31 
277997.44 
277997.56 
277997.69 
277997.81 
277997.94 
277998.06 
277998.19 
277998.32 
277998.44 
277998.57 
277998.70 
277998.82 
277998.94 
277999.06 
277999.18 
277999.32 
277999.44 
277999.57 
277999.69 
277999.82 
277999.95 
278000.07 
278000.19 
278000.31 
278000.45 
278000.57 
278000.69 
278000.81 
278000.94 
278001.06 
278001.19 
278001.31 
278001.43 
278001.56 
278001.68 
278001.80 
278001.92 
278002.04 
278002.16 
278002.30 
278002.42 
278002.54 
278002.67 
278002.79 
278002.91 
278003.04 
278003.16 
278003.30 
278003.42 
278003.55 
278003.67 
278003.80 
278003.93 
278004.05 
278004.18 
278004.31 
278004.44 
278004.56 
278004.68 
278004.80 
278004.93 
278005.05 
278005.18 
278005.30 
278005.44 
278005.56 
278005.69 
278005.81 
278005.93 
278006.06 
278006.19 
278006.31 
278006.44 
278006.56 
278006.69 
278006.80 
278006.93 
278007.05 
278007.17 
278007.30 
278007.43 
278007.56 
278007.68 
278007.80 
278007.93 
278008.05 
278008.17 
278008.30 
278008.42 
278008.54 
278008.66 
278008.78 
278008.90 
278009.02 
278009.15 
278009.27 
278009.40 
278009.52 
278009.65 
278009.77 
278009.89 
278010.01 
278010.14 
278010.26 
278010.38 
278010.52 
278010.64 
278010.77 
278010.90 
278011.03 
278011.15 
278011.27 
278011.39 
278011.52 
278011.64 
278011.77 
278011.89 
278012.02 
278012.15 
278012.27 
278012.40 
278012.52 
278012.66 
278012.78 
278012.91 
278013.03 
278013.15 
278013.27 
278013.40 
278013.52 
278013.66 
278013.78 
278013.90 
278014.02 
278014.15 
278014.27 
278014.39 
278014.52 
278014.64 
278014.77 
278014.89 
278015.02 
278015.15 
278015.28 
278015.39 
278015.53 
278015.65 
278015.77 
278015.89 
278016.01 
278016.13 
278016.25 
278016.38 
278016.50 
278016.63 
278016.75 
278016.87 
278017.01 
278017.13 
278017.25 
278017.38 
278017.50 
278017.63 
278017.75 
278017.87 
278018.01 
278018.13 
278018.26 
278018.38 
278018.51 
278018.63 
278018.75 
278018.87 
278018.99 
278019.13 
278019.25 
278019.38 
278019.50 
278019.64 
278019.76 
278019.88 
278020.00 
278020.14 
278020.26 
278020.38 
278020.50 
278020.62 
278020.75 
278020.87 
278021.00 
278021.12 
278021.24 
278021.37 
278021.49 
278021.61 
278021.74 
278021.86 
278021.98 
278022.12 
278022.23 
278022.34 
278022.45 
278022.58 
278022.70 
278022.82 
278022.94 
278023.06 
278023.19 
278023.31 
278023.44 
278023.56 
278023.68 
278023.80 
278023.93 
278024.05 
278024.18 
278024.30 
278024.43 
278024.55 
278024.68 
278024.80 
278024.92 
278025.05 
278025.17 
278025.30 
278025.43 
278025.56 
278025.68 
278025.81 
278025.93 
278026.06 
278026.18 
278026.31 
278026.43 
278026.55 
278026.67 
278026.80 
278026.93 
278027.05 
278027.18 
278027.31 
278027.44 
278027.56 
278027.68 
278027.81 
278027.93 
278028.06 
278028.18 
278028.31 
278028.43 
278028.56 
278028.68 
278028.81 
278028.93 
278029.05 
278029.18 
278029.31 
278029.43 
278029.55 
278029.67 
278029.80 
278029.93 
278030.05 
278030.17 
278030.29 
278030.42 
278030.55 
278030.68 
278030.80 
278030.92 
278031.05 
278031.18 
278031.30 
278031.43 
278031.55 
278031.68 
278031.80 
278031.92 
278032.04 
278032.17 
278032.30 
278032.43 
278032.54 
278032.67 
278032.79 
278032.92 
278033.04 
278033.17 
278033.29 
278033.42 
278033.54 
278033.66 
278033.79 
278033.90 
278034.03 
278034.15 
278034.28 
278034.41 
278034.53 
278034.66 
278034.78 
278034.92 
278035.04 
278035.17 
278035.29 
278035.42 
278035.54 
278035.66 
278035.78 
278035.90 
278036.03 
278036.15 
278036.28 
278036.40 
278036.52 
278036.64 
278036.76 
278036.88 
278037.02 
278037.14 
278037.26 
278037.38 
278037.50 
278037.63 
278037.75 
278037.86 
278037.98 
278038.11 
278038.23 
278038.35 
278038.47 
278038.59 
278038.72 
278038.84 
278038.97 
278039.10 
278039.23 
278039.35 
278039.47 
278039.59 
278039.71 
278039.84 
278039.96 
278040.09 
278040.22 
278040.34 
278040.47 
278040.60 
278040.72 
278040.85 
278040.97 
278041.10 
278041.23 
278041.35 
278041.47 
278041.58 
278041.71 
278041.83 
278041.96 
278042.08 
278042.22 
278042.34 
278042.46 
278042.58 
278042.70 
278042.82 
278042.95 
278043.07 
278043.19 
278043.33 
278043.45 
278043.58 
278043.70 
278043.83 
278043.95 
278044.07 
278044.20 
278044.33 
278044.46 
278044.58 
278044.71 
278044.83 
278044.96 
278045.08 
278045.20 
278045.33 
278045.46 
278045.57 
278045.70 
278045.81 
278045.94 
278046.06 
278046.18 
278046.30 
278046.43 
278046.55 
278046.68 
278046.80 
278046.93 
278047.06 
278047.19 
278047.31 
278047.44 
278047.56 
278047.68 
278047.80 
278047.93 
278048.05 
278048.17 
278048.29 
278048.40 
278048.52 
278048.63 
278048.74 
278048.85 
278048.98 
278049.09 
278049.20 
278049.32 
278049.43 
278049.55 
278049.67 
278049.78 
278049.90 
278050.01 
278050.13 
278050.25 
278050.36 
278050.48 
278050.60 
278050.71 
278050.83 
278050.95 
278051.06 
278051.18 
278051.29 
278051.41 
278051.53 
278051.64 
278051.77 
278051.88 
278052.00 
278052.12 
278052.23 
278052.35 
278052.46 
278052.58 
278052.70 
278052.81 
278052.93 
278053.05 
278053.16 
278053.28 
278053.39 
278053.51 
278053.63 
278053.74 
278053.86 
278053.97 
278054.09 
278054.21 
278054.32 
278054.44 
278054.56 
278054.68 
278054.80 
278054.91 
278055.03 
278055.15 
278055.26 
278055.38 
278055.49 
278055.61 
278055.71 
278055.83 
278055.95 
278056.06 
278056.18 
278056.28 
278056.40 
278056.52 
278056.63 
278056.74 
278056.85 
278056.96 
278057.08 
278057.18 
278057.30 
278057.41 
278057.54 
278057.65 
278057.77 
278057.89 
278058.00 
278058.12 
278058.24 
278058.36 
278058.47 
278058.59 
278058.71 
278058.84 
278058.96 
278059.08 
278059.20 
278059.31 
278059.43 
278059.54 
278059.66 
278059.79 
278059.89 
278060.00 
278060.12 
278060.23 
278060.35 
278060.46 
278060.57 
278060.68 
278060.81 
278060.93 
278061.03 
278061.15 
278061.26 
278061.37 
278061.48 
278061.60 
278061.71 
278061.82 
278061.93 
278062.05 
278062.17 
278062.28 
278062.41 
278062.52 
278062.62 
278062.74 
278062.85 
278062.96 
278063.08 
278063.20 
278063.32 
278063.43 
278063.54 
278063.66 
278063.77 
278063.89 
278064.02 
278064.13 
278064.26 
278064.39 
278064.51 
278064.62 
278064.74 
278064.85 
278064.97 
278065.09 
278065.21 
278065.33 
278065.45 
278065.57 
278065.70 
278065.81 
278065.93 
278066.06 
278066.18 
278066.29 
278066.41 
278066.54 
278066.65 
278066.78 
278066.90 
278067.02 
278067.14 
278067.26 
278067.38 
278067.49 
278067.61 
278067.72 
278067.84 
278067.96 
278068.07 
278068.20 
278068.31 
278068.43 
278068.55 
278068.67 
278068.79 
278068.91 
278069.03 
278069.15 
278069.26 
278069.37 
278069.50 
278069.63 
278069.74 
278069.85 
278069.97 
278070.09 
278070.21 
278070.33 
278070.46 
278070.58 
278070.70 
278070.82 
278070.95 
278071.07 
278071.19 
278071.31 
278071.43 
278071.54 
278071.66 
278071.78 
278071.90 
278072.02 
278072.15 
278072.26 
278072.38 
278072.49 
278072.62 
278072.74 
278072.86 
278072.98 
278073.10 
278073.21 
278073.33 
278073.46 
278073.58 
278073.70 
278073.81 
278073.92 
278074.05 
278074.15 
278074.26 
278074.38 
278074.51 
278074.62 
278074.74 
278074.85 
278074.96 
278075.07 
278075.19 
278075.30 
278075.41 
278075.54 
278075.65 
278075.76 
278075.88 
278075.98 
278076.11 
278076.23 
278076.34 
278076.45 
278076.57 
278076.69 
278076.81 
278076.92 
278077.04 
278077.15 
278077.27 
278077.40 
278077.52 
278077.63 
278077.74 
278077.86 
278077.98 
278078.10 
278078.22 
278078.33 
278078.45 
278078.56 
278078.68 
278078.79 
278078.91 
278079.03 
278079.14 
278079.25 
278079.37 
278079.49 
278079.60 
278079.72 
278079.82 
278079.94 
278080.06 
278080.18 
278080.29 
278080.40 
278080.52 
278080.64 
278080.75 
278080.86 
278080.97 
278081.09 
278081.20 
278081.31 
278081.43 
278081.55 
278081.66 
278081.78 
278081.90 
278082.02 
278082.13 
278082.24 
278082.36 
278082.48 
278082.59 
278082.71 
278082.83 
278082.94 
278083.05 
278083.16 
278083.28 
278083.39 
278083.51 
278083.61 
278083.72 
278083.83 
278083.95 
278084.07 
278084.19 
278084.31 
278084.42 
278084.53 
278084.65 
278084.77 
278084.88 
278085.00 
278085.12 
278085.23 
278085.34 
278085.46 
278085.58 
278085.70 
278085.82 
278085.93 
278086.05 
278086.16 
278086.28 
278086.41 
278086.52 
278086.64 
278086.75 
278086.86 
278086.98 
278087.10 
278087.23 
278087.34 
278087.45 
278087.57 
278087.69 
278087.80 
278087.91 
278088.03 
278088.15 
278088.27 
278088.38 
278088.50 
278088.61 
278088.73 
278088.85 
278088.96 
278089.08 
278089.21 
278089.33 
278089.45 
278089.58 
278089.69 
278089.82 
278089.95 
278090.07 
278090.19 
278090.30 
278090.41 
278090.52 
278090.64 
278090.76 
278090.88 
278091.00 
278091.12 
278091.24 
278091.35 
278091.47 
278091.58 
278091.69 
278091.81 
278091.93 
278092.04 
278092.17 
278092.28 
278092.41 
278092.52 
278092.64 
278092.76 
278092.88 
278092.98 
278093.09 
278093.22 
278093.34 
278093.45 
278093.57 
278093.69 
278093.80 
278093.91 
278094.02 
278094.13 
278094.25 
278094.36 
278094.48 
278094.59 
278094.71 
278094.82 
278094.94 
278095.05 
278095.17 
278095.28 
278095.40 
278095.52 
278095.63 
278095.74 
278095.85 
278095.97 
278096.08 
278096.19 
278096.31 
278096.42 
278096.53 
278096.65 
278096.76 
278096.89 
278097.00 
278097.12 
278097.24 
278097.36 
278097.48 
278097.60 
278097.72 
278097.83 
278097.95 
278098.06 
278098.18 
278098.29 
278098.40 
278098.51 
278098.63 
278098.75 
278098.87 
278098.98 
278099.10 
278099.21 
278099.32 
278099.43 
278099.54 
278099.66 
278099.78 
278099.89 
278100.00 
278100.12 
278100.23 
278100.34 
278100.46 
278100.57 
278100.69 
278100.80 
278100.92 
278101.03 
278101.15 
278101.26 
278101.37 
278101.49 
278101.60 
278101.71 
278101.83 
278101.95 
278102.07 
278102.18 
278102.29 
278102.40 
278102.52 
278102.64 
278102.75 
278102.86 
278102.97 
278103.09 
278103.20 
278103.32 
278103.43 
278103.54 
278103.66 
278103.78 
278103.89 
278104.02 
278104.14 
278104.26 
278104.38 
278104.51 
278104.63 
278104.75 
278104.86 
278104.98 
278105.09 
278105.21 
278105.32 
278105.45 
278105.56 
278105.68 
278105.80 
278105.91 
278106.03 
278106.14 
278106.26 
278106.38 
278106.50 
278106.61 
278106.73 
278106.85 
278106.97 
278107.09 
278107.21 
278107.32 
278107.44 
278107.55 
278107.67 
278107.79 
278107.90 
278108.02 
278108.13 
278108.24 
278108.36 
278108.48 
278108.59 
278108.71 
278108.82 
278108.93 
278109.05 
278109.17 
278109.28 
278109.40 
278109.51 
278109.63 
278109.75 
278109.86 
278109.98 
278110.10 
278110.21 
278110.34 
278110.45 
278110.56 
278110.69 
278110.80 
278110.91 
278111.02 
278111.15 
278111.26 
278111.38 
278111.49 
278111.61 
278111.73 
278111.84 
278111.96 
278112.08 
278112.20 
278112.31 
278112.42 
278112.54 
278112.65 
278112.77 
278112.88 
278113.00 
278113.12 
278113.24 
278113.34 
278113.46 
278113.57 
278113.68 
278113.81 
278113.92 
278114.03 
278114.14 
278114.27 
278114.39 
278114.50 
278114.62 
278114.73 
278114.85 
278114.96 
278115.08 
278115.20 
278115.31 
278115.43 
278115.55 
278115.66 
278115.78 
278115.89 
278116.00 
278116.13 
278116.24 
278116.35 
278116.47 
278116.58 
278116.69 
278116.81 
278116.93 
278117.04 
278117.16 
278117.28 
278117.40 
278117.52 
278117.63 
278117.74 
278117.86 
278117.97 
278118.08 
278118.20 
278118.31 
278118.42 
278118.54 
278118.66 
278118.77 
278118.89 
278119.01 
278119.13 
278119.24 
278119.37 
278119.49 
278119.60 
278119.71 
278119.82 
278119.94 
278120.06 
278120.17 
278120.28 
278120.41 
278120.52 
278120.64 
278120.76 
278120.87 
278120.99 
278121.10 
278121.22 
278121.34 
278121.45 
278121.57 
278121.69 
278121.80 
278121.92 
278122.03 
278122.14 
278122.26 
278122.37 
278122.49 
278122.61 
278122.72 
278122.84 
278122.95 
278123.07 
278123.19 
278123.31 
278123.42 
278123.53 
278123.65 
278123.76 
278123.88 
278124.00 
278124.12 
278124.24 
278124.36 
278124.48 
278124.59 
278124.71 
278124.83 
278124.94 
278125.06 
278125.17 
278125.28 
278125.39 
278125.51 
278125.62 
278125.74 
278125.86 
278125.97 
278126.09 
278126.20 
278126.32 
278126.43 
278126.55 
278126.66 
278126.78 
278126.89 
278127.00 
278127.11 
278127.23 
278127.34 
278127.45 
278127.57 
278127.68 
278127.80 
278127.91 
278128.03 
278128.15 
278128.26 
278128.37 
278128.49 
278128.61 
278128.73 
278128.84 
278128.95 
278129.07 
278129.19 
278129.30 
278129.41 
278129.52 
278129.64 
278129.75 
278129.87 
278130.00 
278130.11 
278130.22 
278130.34 
278130.46 
278130.57 
278130.69 
278130.80 
278130.92 
278131.03 
278131.15 
278131.27 
278131.38 
278131.50 
278131.62 
278131.74 
278131.86 
278131.97 
278132.09 
278132.20 
278132.32 
278132.44 
278132.56 
278132.67 
278132.79 
278132.91 
278133.02 
278133.14 
278133.26 
278133.38 
278133.52 
278133.64 
278133.76 
278133.89 
278134.01 
278134.14 
278134.26 
278134.38 
