# up 
4018.22 
4018.35 
4018.47 
4018.59 
4018.71 
4018.83 
4018.96 
4019.08 
4019.20 
4019.32 
4019.44 
4019.77 
4019.90 
4020.02 
4020.14 
4020.26 
4020.38 
4020.50 
4020.62 
4020.74 
4020.86 
4020.98 
4021.10 
4021.22 
4021.34 
4021.46 
4021.58 
4021.70 
4021.82 
4021.94 
4022.06 
4022.18 
4022.31 
4022.43 
4022.57 
4022.69 
4022.82 
4022.94 
4023.15 
4023.29 
4023.42 
4023.54 
4023.66 
4023.78 
4023.90 
4024.03 
4024.16 
4024.28 
4024.40 
4024.52 
4024.64 
4024.76 
4024.88 
4025.00 
4025.12 
4025.24 
4025.36 
4025.48 
4025.60 
4025.72 
4025.84 
4025.96 
4026.08 
4026.20 
4026.32 
4026.44 
4026.56 
4026.70 
4026.82 
4026.94 
4027.06 
4027.18 
4027.30 
4027.42 
4027.55 
4027.67 
4027.81 
4027.93 
4028.06 
4028.18 
4028.30 
4028.42 
4028.54 
4028.67 
4028.79 
4028.91 
4029.03 
4029.15 
4029.27 
4029.39 
4029.51 
4030.02 
4031.25 
4032.88 
4034.10 
4035.35 
4036.57 
4037.81 
4037.92 
4039.07 
4039.19 
4039.44 
4039.57 
4039.70 
4039.84 
4039.96 
4040.09 
4040.21 
4041.09 
4042.31 
4043.54 
4044.78 
4046.01 
4047.23 
4048.46 
4049.69 
4050.92 
4052.14 
4053.38 
4053.49 
4055.83 
4057.06 
4058.29 
4058.39 
4060.74 
4061.98 
4063.21 
4064.42 
4065.67 
4066.90 
4068.13 
4069.36 
4070.58 
4071.82 
4073.04 
4074.26 
4075.49 
4076.74 
4077.97 
4079.19 
4080.40 
4081.62 
4082.95 
4084.92 
4086.15 
4087.38 
4088.60 
4088.74 
4090.15 
4092.50 
4093.72 
4094.95 
4096.18 
4097.40 
4098.64 
4099.86 
4101.09 
4102.34 
4102.45 
4103.66 
4105.20 
4105.31 
4105.43 
4105.56 
4105.68 
4105.80 
4105.92 
4107.25 
4108.46 
4108.60 
4109.89 
4110.00 
4111.13 
4112.37 
4113.57 
4114.82 
4114.93 
4117.28 
4118.49 
4119.72 
4120.97 
4122.20 
4122.32 
4124.66 
4125.88 
4127.11 
4128.33 
4129.56 
4130.80 
4132.03 
4133.25 
4134.48 
4134.62 
4137.14 
4138.36 
4139.59 
4139.73 
4142.05 
4143.27 
4144.51 
4145.74 
4145.87 
4148.20 
4149.42 
4149.54 
4150.75 
4151.05 
4152.30 
4153.53 
4154.76 
4155.99 
4157.22 
4158.44 
4159.66 
4160.91 
4162.12 
4163.35 
4164.58 
4165.82 
4167.05 
4168.27 
4169.50 
4170.74 
4171.55 
4171.70 
4171.83 
4171.94 
4172.07 
4172.33 
4172.45 
4172.56 
4173.80 
4175.03 
4176.25 
4176.37 
4177.67 
4178.92 
4180.13 
4181.37 
4181.49 
4182.80 
4184.05 
4185.27 
4185.40 
4186.63 
4187.93 
4189.36 
4190.59 
4191.82 
4191.93 
4193.05 
4194.27 
4194.39 
4196.95 
4198.16 
4198.29 
4199.62 
4200.84 
4202.05 
4202.19 
4204.54 
4205.75 
4206.98 
4207.11 
4208.23 
4208.35 
4209.64 
4209.75 
4210.87 
4212.11 
4212.23 
4213.33 
4213.45 
4214.78 
4214.92 
4216.21 
4217.42 
4217.58 
4218.86 
4218.99 
4220.31 
4221.53 
4222.76 
4222.89 
4225.21 
4225.36 
4227.88 
4229.09 
4229.22 
4231.55 
4231.68 
4232.78 
4234.04 
4234.16 
4236.47 
4236.60 
4237.90 
4238.03 
4239.35 
4239.46 
4239.59 
4239.74 
4239.99 
4240.13 
4241.38 
4241.52 
4242.76 
4245.08 
4246.30 
4247.55 
4248.78 
4248.90 
4250.11 
4251.36 
4253.68 
4253.82 
4255.10 
4256.34 
4257.78 
4257.91 
4259.22 
4259.35 
4260.64 
4260.79 
4260.93 
4261.05 
4261.18 
4261.31 
4261.44 
4261.57 
4261.70 
4261.84 
4263.09 
4263.22 
4265.56 
4266.80 
4268.02 
4269.25 
4270.46 
4271.69 
4272.93 
4273.06 
4274.25 
4275.39 
4276.62 
4276.73 
4277.95 
4280.31 
4280.43 
4281.63 
4282.97 
4284.40 
4284.55 
4285.77 
4287.27 
4288.50 
4289.74 
4289.88 
4291.14 
4292.38 
4292.50 
4293.50 
4293.63 
4294.84 
4296.09 
4296.21 
4298.53 
4299.76 
4299.93 
4301.20 
4302.42 
4303.66 
4304.90 
4305.02 
4305.92 
4306.05 
4306.18 
4306.32 
4306.44 
4306.58 
4306.72 
4307.95 
4308.05 
4309.37 
4310.61 
4311.85 
4311.99 
4313.27 
4313.42 
4314.71 
4314.85 
4316.15 
4316.29 
4317.57 
4318.81 
4320.02 
4321.27 
4321.38 
4322.70 
4323.92 
4325.17 
4326.39 
4326.55 
4329.04 
4329.18 
4330.40 
4331.50 
4331.64 
4332.72 
4332.85 
4334.05 
4336.41 
4337.64 
4337.75 
4340.10 
4340.22 
4341.43 
4343.80 
4343.93 
4346.26 
4347.88 
4349.10 
4350.33 
4351.57 
4351.81 
4351.95 
4352.08 
4352.19 
4352.30 
4352.42 
4352.53 
4352.65 
4352.78 
4352.91 
4353.03 
4353.16 
4353.29 
4353.42 
4353.56 
4353.68 
4354.24 
4355.45 
4355.60 
4356.78 
4357.92 
4359.15 
4359.28 
4360.47 
4361.60 
4362.82 
4364.07 
4365.30 
4366.52 
4367.77 
4367.90 
4369.19 
4370.61 
4370.76 
4372.04 
4372.17 
4372.29 
4372.43 
4372.60 
4372.72 
4372.84 
4372.97 
4374.09 
4374.21 
4375.47 
4376.76 
4376.91 
4378.20 
4379.41 
4380.66 
4381.86 
4383.10 
4384.33 
4385.66 
4386.92 
4388.22 
4388.35 
4389.66 
4389.79 
4391.11 
4391.24 
4392.52 
4392.62 
4393.99 
4394.12 
4395.40 
4395.53 
4396.83 
4396.96 
4398.27 
4399.72 
4399.84 
4401.13 
4402.57 
4402.72 
4404.00 
4405.22 
4405.41 
4406.66 
4406.85 
4408.09 
4409.53 
4410.75 
4410.88 
4412.19 
4412.31 
4413.62 
4413.75 
4415.08 
4416.29 
4416.44 
4417.72 
4417.86 
4418.12 
4418.25 
4418.62 
4419.98 
4420.09 
4420.24 
4420.37 
4421.19 
4421.30 
4422.64 
4422.76 
4424.06 
4424.21 
4425.50 
4426.76 
4426.87 
4428.17 
4428.29 
4429.62 
4429.76 
4431.03 
4431.14 
4432.47 
4432.60 
4433.90 
4434.01 
4435.24 
4436.45 
4437.78 
4439.02 
4439.19 
4439.35 
4439.46 
4439.58 
4439.72 
4439.86 
4441.07 
4442.29 
4442.42 
4443.72 
4445.16 
4445.33 
4446.74 
4448.04 
4448.17 
4449.47 
4450.68 
4450.82 
4452.13 
4453.56 
4453.67 
4454.99 
4455.13 
4456.43 
4457.67 
4457.81 
4459.03 
4460.74 
4460.89 
4462.19 
4463.40 
4464.64 
4464.76 
4466.05 
4467.41 
4468.73 
4470.14 
4471.38 
4472.60 
4473.85 
4475.28 
4475.41 
4476.72 
4477.92 
4479.16 
4480.39 
4481.62 
4482.84 
4484.07 
4484.20 
4484.32 
4486.54 
4487.78 
4488.99 
4490.23 
4491.46 
4492.68 
4492.81 
4494.11 
4495.33 
4496.56 
4498.00 
4499.23 
4499.35 
4500.62 
4501.90 
4503.13 
4503.30 
4504.68 
4505.59 
4505.72 
4505.85 
4505.97 
4506.09 
4506.32 
4506.45 
4506.59 
4507.80 
4509.06 
4509.18 
4511.53 
4512.74 
4512.85 
4513.98 
4514.11 
4515.39 
4515.53 
4516.65 
4516.77 
4517.97 
4519.08 
4520.32 
4520.44 
4521.52 
4521.64 
4522.76 
4522.87 
4524.40 
4525.64 
4526.87 
4527.04 
4528.31 
4528.44 
4529.76 
4529.89 
4531.17 
4532.41 
4532.54 
4534.85 
4536.06 
4537.32 
4538.53 
4540.18 
4541.41 
4542.64 
4543.88 
4545.31 
4546.54 
4546.67 
4547.99 
4549.19 
4550.43 
4551.67 
4551.84 
4553.11 
4554.32 
4554.45 
4556.98 
4558.22 
4558.34 
4559.66 
4561.09 
4561.22 
4562.61 
4563.74 
4563.88 
4566.60 
4567.84 
4567.98 
4569.27 
4569.40 
4570.70 
4570.82 
4572.14 
4572.27 
4573.58 
4573.70 
4573.87 
4574.02 
4574.13 
4574.25 
4574.39 
4574.52 
4574.65 
4575.52 
4576.64 
4577.88 
4578.01 
4579.31 
4579.45 
4580.75 
4581.97 
4583.41 
4583.54 
4584.85 
4586.07 
4587.40 
4588.72 
4588.84 
4591.18 
4591.32 
4593.53 
4593.65 
4594.87 
4596.30 
4597.53 
4598.98 
4599.12 
4601.42 
4601.55 
4602.85 
4602.97 
4604.30 
4604.41 
4605.74 
4607.15 
4607.26 
4608.50 
4608.62 
4609.84 
4611.25 
4611.42 
4612.79 
4614.14 
4614.26 
4615.48 
4616.71 
4618.04 
4618.16 
4619.46 
4619.71 
4619.85 
4619.97 
4620.88 
4621.00 
4622.29 
4623.56 
4623.68 
4624.97 
4625.14 
4626.42 
4627.76 
4629.07 
4630.31 
4630.43 
4631.71 
4631.85 
4635.42 
4635.55 
4637.88 
4638.01 
4639.10 
4639.92 
4640.05 
4640.16 
4640.28 
4640.51 
4640.63 
4640.76 
4640.92 
4642.18 
4642.30 
4643.41 
4644.64 
4644.76 
4646.07 
4647.30 
4647.41 
4648.53 
4648.65 
4648.77 
4650.11 
4652.83 
4654.06 
4654.23 
4655.49 
4656.72 
4656.85 
4659.18 
4659.38 
4660.72 
4661.95 
4663.10 
4663.23 
4664.51 
4665.94 
4667.18 
4668.40 
4670.87 
4672.10 
4673.34 
4673.48 
4674.76 
4674.92 
4676.19 
4677.41 
4677.55 
4678.85 
4680.28 
4680.41 
4681.72 
4681.85 
4683.14 
4684.35 
4685.60 
4685.89 
4686.07 
4687.45 
4687.56 
4688.68 
4688.82 
4690.13 
4690.25 
4690.37 
4692.98 
4693.14 
4695.84 
4695.97 
4697.27 
4697.41 
4698.72 
4698.85 
4700.06 
4701.17 
4702.37 
4703.62 
4703.75 
4705.04 
4705.19 
4706.38 
4706.51 
4707.70 
4707.83 
4707.96 
4708.08 
4708.19 
4708.36 
4708.51 
4708.63 
4709.47 
4710.69 
4711.81 
4711.94 
4713.36 
4714.67 
4716.13 
4716.28 
4718.79 
4720.00 
4721.24 
4722.46 
4722.57 
4723.68 
4724.90 
4725.03 
4726.13 
4726.27 
4727.50 
4728.73 
4729.95 
4732.27 
4732.39 
4733.62 
4734.95 
4735.07 
4736.40 
4736.53 
4737.72 
4738.98 
4740.28 
4740.42 
4741.60 
4742.72 
4743.95 
4744.14 
4744.31 
4746.41 
4747.66 
4748.88 
4749.01 
4750.22 
4751.32 
4751.45 
4753.39 
4753.52 
4753.80 
4753.94 
4755.14 
4756.47 
4756.59 
4757.90 
4758.03 
4759.32 
4760.54 
4761.77 
4763.01 
4763.13 
4764.35 
4765.48 
4765.63 
4768.14 
4769.36 
4769.47 
4770.69 
4771.81 
4773.26 
4774.05 
4774.22 
4774.37 
4774.51 
4774.69 
4774.87 
4775.00 
4775.13 
4775.27 
4777.34 
4778.59 
4780.01 
4781.26 
4782.50 
4783.91 
4785.14 
4786.37 
4786.54 
4787.80 
4787.95 
4790.47 
4791.70 
4791.84 
4793.12 
4793.26 
4794.55 
4794.80 
4797.44 
4797.57 
4800.11 
4800.24 
4801.53 
4801.67 
4802.96 
4804.18 
4805.42 
4805.55 
4806.85 
4807.00 
4809.29 
4809.42 
4810.65 
4811.84 
4813.10 
4814.21 
4815.44 
4815.59 
4816.87 
4818.11 
4818.24 
4819.54 
4819.74 
4819.91 
4820.06 
4820.20 
4821.39 
4822.83 
4822.95 
4824.27 
4824.38 
4825.67 
4825.80 
4826.91 
4827.06 
4828.36 
4829.57 
4831.01 
4832.25 
4832.38 
4835.11 
4836.35 
4836.47 
4837.77 
4837.90 
4839.19 
4839.34 
4840.61 
