# up 
22661.91 
22662.03 
22662.14 
22662.25 
22662.38 
22662.50 
22662.62 
22662.74 
22662.87 
22662.99 
22663.10 
22663.22 
22663.34 
22663.47 
22663.60 
22663.73 
22663.86 
22663.98 
22664.10 
22664.22 
22664.35 
22664.47 
22664.59 
22664.71 
22664.83 
22664.95 
22665.08 
22665.20 
22665.32 
22665.44 
22665.57 
22665.69 
22665.81 
22665.93 
22666.05 
22666.18 
22666.30 
22666.42 
22666.55 
22666.67 
22666.80 
22666.91 
22667.04 
22667.16 
22667.29 
22667.41 
22667.55 
22667.67 
22667.79 
22667.91 
22668.03 
22668.16 
22668.28 
22668.40 
22668.52 
22668.65 
22668.78 
22668.89 
22669.01 
22669.14 
22669.26 
22669.38 
22669.50 
22669.62 
22669.75 
22669.88 
22670.00 
22670.12 
22670.25 
22670.38 
22670.50 
22670.61 
22670.74 
22670.86 
22670.98 
22671.11 
22671.23 
22671.36 
22671.48 
22671.61 
22671.74 
22671.85 
22671.97 
22672.09 
22672.20 
22672.33 
22672.45 
22672.58 
22672.70 
22672.82 
22672.95 
22673.07 
22673.19 
22673.31 
22673.43 
22673.56 
22673.68 
22673.81 
22673.93 
22674.06 
22674.18 
22674.30 
22674.42 
22674.54 
22674.66 
22674.80 
22674.92 
22675.05 
22675.17 
22675.29 
22675.42 
22675.55 
22675.67 
22675.80 
22675.92 
22676.05 
22676.17 
22676.29 
22676.42 
22676.54 
22676.66 
22676.78 
22676.90 
22677.02 
22677.15 
22677.27 
22677.39 
22677.51 
22677.63 
22677.75 
22677.88 
22678.00 
22678.11 
22678.23 
22678.37 
22678.49 
22678.61 
22678.74 
22678.87 
22678.99 
22679.12 
22679.25 
22679.37 
22679.49 
22679.62 
22679.74 
22679.87 
22679.98 
22680.10 
22680.22 
22680.34 
22680.48 
22680.60 
22680.72 
22680.84 
22680.97 
22681.09 
22681.22 
22681.34 
22681.46 
22681.58 
22681.70 
22681.82 
22681.94 
22682.06 
22682.18 
22682.31 
22682.42 
22682.54 
22682.66 
22682.78 
22682.91 
22683.02 
22683.15 
22683.27 
22683.40 
22683.52 
22683.64 
22683.76 
22683.88 
22684.01 
22684.13 
22684.25 
22684.37 
22684.49 
22684.61 
22684.74 
22684.86 
22684.99 
22685.12 
22685.24 
22685.37 
22685.49 
22685.62 
22685.74 
22685.88 
22686.01 
22686.13 
22686.25 
22686.38 
22686.49 
22686.62 
22686.74 
22686.86 
22686.98 
22687.10 
22687.22 
22687.35 
22687.47 
22687.59 
22687.71 
22687.83 
22687.95 
22688.07 
22688.20 
22688.32 
22688.45 
22688.56 
22688.68 
22688.80 
22688.92 
22689.04 
22689.16 
22689.29 
22689.41 
22689.53 
22689.67 
22689.79 
22689.91 
22690.03 
22690.15 
22690.27 
22690.39 
22690.52 
22690.65 
22690.77 
22690.89 
22691.01 
22691.14 
22691.26 
22691.38 
22691.50 
22691.62 
22691.74 
22691.86 
22691.98 
22692.10 
22692.22 
22692.34 
22692.48 
22692.60 
22692.72 
22692.84 
22692.96 
22693.08 
22693.21 
22693.34 
22693.46 
22693.58 
22693.70 
22693.82 
22693.94 
22694.07 
22694.18 
22694.30 
22694.42 
22694.54 
22694.66 
22694.78 
22694.91 
22695.05 
22695.17 
22695.28 
22695.41 
22695.53 
22695.66 
22695.78 
22695.90 
22696.02 
22696.16 
22696.28 
22696.41 
22696.53 
22696.66 
22696.78 
22696.91 
22697.03 
22697.16 
22697.28 
22697.41 
22697.53 
22697.65 
22697.78 
22697.90 
22698.02 
22698.15 
22698.28 
22698.40 
22698.52 
22698.64 
22698.77 
22698.89 
22699.01 
22699.13 
22699.25 
22699.38 
22699.50 
22699.63 
22699.75 
22699.87 
22700.00 
22700.12 
22700.25 
22700.38 
22700.51 
22700.63 
22700.77 
22700.89 
22701.00 
22701.13 
22701.25 
22701.38 
22701.50 
22701.63 
22701.75 
22701.88 
22702.00 
22702.13 
22702.25 
22702.38 
22702.50 
22702.62 
22702.74 
22702.87 
22702.99 
22703.12 
22703.24 
22703.37 
22703.49 
22703.62 
22703.74 
22703.87 
22703.99 
22704.11 
22704.23 
22704.35 
22704.48 
22704.60 
22704.72 
22704.84 
22704.97 
22705.09 
22705.22 
22705.34 
22705.46 
22705.59 
22705.71 
22705.84 
22705.96 
22706.08 
22706.19 
22706.31 
22706.44 
22706.57 
22706.69 
22706.81 
22706.94 
22707.06 
22707.18 
22707.30 
22707.42 
22707.54 
22707.68 
22707.81 
22707.93 
22708.06 
22708.18 
22708.29 
22708.42 
22708.54 
22708.67 
22708.79 
22708.91 
22709.03 
22709.15 
22709.28 
22709.41 
22709.53 
22709.66 
22709.78 
22709.90 
22710.02 
22710.14 
22710.27 
22710.39 
22710.52 
22710.64 
22710.77 
22710.89 
22711.01 
22711.13 
22711.26 
22711.38 
22711.50 
22711.62 
22711.75 
22711.87 
22711.99 
22712.12 
22712.24 
22712.38 
22712.50 
22712.63 
22712.74 
22712.87 
22712.99 
22713.10 
22713.22 
22713.35 
22713.48 
22713.60 
22713.73 
22713.85 
22713.98 
22714.09 
22714.22 
22714.35 
22714.46 
22714.59 
22714.70 
22714.83 
22714.95 
22715.07 
22715.21 
22715.33 
22715.46 
22715.58 
22715.71 
22715.82 
22715.95 
22716.07 
22716.19 
22716.31 
22716.43 
22716.55 
22716.67 
22716.79 
22716.92 
22717.04 
22717.16 
22717.28 
22717.41 
22717.53 
22717.66 
22717.78 
22717.90 
22718.02 
22718.15 
22718.27 
22718.39 
22718.51 
22718.63 
22718.75 
22718.87 
22719.01 
22719.13 
22719.25 
22719.38 
22719.50 
22719.63 
22719.75 
22719.88 
22720.00 
22720.13 
22720.25 
22720.38 
22720.50 
22720.62 
22720.75 
22720.88 
22721.00 
22721.12 
22721.24 
22721.36 
22721.48 
22721.61 
22721.74 
22721.86 
22721.99 
22722.11 
22722.23 
22722.34 
22722.46 
22722.59 
22722.71 
22722.84 
22722.96 
22723.09 
22723.21 
22723.34 
22723.46 
22723.59 
22723.71 
22723.83 
22723.96 
22724.08 
22724.21 
22724.33 
22724.46 
22724.58 
22724.70 
22724.82 
22724.95 
22725.07 
22725.19 
22725.32 
22725.44 
22725.58 
22725.69 
22725.82 
22725.95 
22726.07 
22726.21 
22726.33 
22726.46 
22726.58 
22726.70 
22726.82 
22726.94 
22727.06 
22727.18 
22727.30 
22727.42 
22727.55 
22727.68 
22727.80 
22727.92 
22728.05 
22728.17 
22728.30 
22728.42 
22728.54 
22728.67 
22728.80 
22728.92 
22729.04 
22729.16 
22729.28 
22729.40 
22729.52 
22729.65 
22729.78 
22729.91 
22730.03 
22730.16 
22730.28 
22730.41 
22730.53 
22730.67 
22730.79 
22730.91 
22731.03 
22731.16 
22731.28 
22731.41 
22731.53 
22731.66 
22731.78 
22731.91 
22732.03 
22732.15 
22732.28 
22732.41 
22732.53 
22732.66 
22732.78 
22732.91 
22733.03 
22733.15 
22733.27 
22733.39 
22733.51 
22733.63 
22733.75 
22733.88 
22734.00 
22734.13 
22734.25 
22734.38 
22734.50 
22734.62 
22734.74 
22734.86 
22734.99 
22735.11 
22735.23 
22735.37 
22735.49 
22735.61 
22735.74 
22735.87 
22735.98 
22736.11 
22736.24 
22736.36 
22736.49 
22736.61 
22736.74 
22736.87 
22736.99 
22737.12 
22737.24 
22737.37 
22737.50 
22737.62 
22737.75 
22737.87 
22737.99 
22738.11 
22738.23 
22738.36 
22738.48 
22738.61 
22738.73 
22738.86 
22738.98 
22739.11 
22739.23 
22739.36 
22739.48 
22739.61 
22739.74 
22739.85 
22739.97 
22740.09 
22740.22 
22740.34 
22740.47 
22740.59 
22740.72 
22740.84 
22740.97 
22741.10 
22741.23 
22741.34 
22741.48 
22741.60 
22741.72 
22741.84 
22741.97 
22742.09 
22742.21 
22742.33 
22742.45 
22742.58 
22742.70 
22742.82 
22742.96 
22743.08 
22743.20 
22743.32 
22743.43 
22743.55 
22743.68 
22743.80 
22743.92 
22744.04 
22744.16 
22744.28 
22744.40 
22744.52 
22744.64 
22744.77 
22744.89 
22745.02 
22745.14 
22745.26 
22745.38 
22745.50 
22745.62 
22745.74 
22745.86 
22745.98 
22746.11 
22746.23 
22746.37 
22746.49 
22746.60 
22746.73 
22746.86 
22746.98 
22747.10 
22747.22 
22747.35 
22747.47 
22747.59 
22747.72 
22747.85 
22747.97 
22748.10 
22748.21 
22748.33 
22748.45 
22748.58 
22748.70 
22748.82 
22748.95 
22749.06 
22749.18 
22749.29 
22749.41 
22749.52 
22749.64 
22749.75 
22749.88 
22749.98 
22750.11 
22750.22 
22750.33 
22750.45 
22750.56 
22750.68 
22750.79 
22750.92 
22751.02 
22751.15 
22751.26 
22751.38 
22751.49 
22751.61 
22751.72 
22751.84 
22751.95 
22752.08 
22752.19 
22752.31 
22752.42 
22752.54 
22752.65 
22752.76 
22752.89 
22752.99 
22753.12 
22753.22 
22753.35 
22753.46 
22753.58 
22753.69 
22753.81 
22753.92 
22754.02 
22754.15 
22754.26 
22754.38 
22754.49 
22754.61 
22754.72 
22754.84 
22754.95 
22755.08 
22755.18 
22755.31 
22755.42 
22755.54 
22755.65 
22755.77 
22755.88 
22756.00 
22756.11 
22756.24 
22756.34 
22756.47 
22756.58 
22756.70 
22756.81 
22756.92 
22757.04 
22757.15 
22757.28 
22757.38 
22757.51 
22757.62 
22757.74 
22757.85 
22757.97 
22758.08 
22758.20 
22758.31 
22758.42 
22758.54 
22758.65 
22758.77 
22758.88 
22759.00 
22759.11 
22759.21 
22759.34 
22759.45 
22759.57 
22759.68 
22759.79 
22759.92 
22760.03 
22760.13 
22760.26 
22760.37 
22760.49 
22760.60 
22760.71 
22760.84 
22760.94 
22761.07 
22761.18 
22761.29 
22761.41 
22761.52 
22761.63 
22761.76 
22761.86 
22761.99 
22762.10 
22762.22 
22762.33 
22762.45 
22762.56 
22762.68 
22762.79 
22762.92 
22763.03 
22763.13 
22763.26 
22763.36 
22763.47 
22763.60 
22763.70 
22763.83 
22763.94 
22764.06 
22764.17 
22764.29 
22764.40 
22764.53 
22764.64 
22764.74 
22764.87 
22764.97 
22765.08 
22765.19 
22765.32 
22765.42 
22765.55 
22765.66 
22765.78 
22765.90 
22766.01 
22766.12 
22766.24 
22766.35 
22766.48 
22766.58 
22766.71 
22766.82 
22766.94 
22767.05 
22767.17 
22767.28 
22767.40 
22767.51 
22767.64 
22767.74 
22767.87 
22767.98 
22768.08 
22768.19 
22768.32 
22768.42 
22768.55 
22768.66 
22768.78 
22768.89 
22769.01 
22769.12 
22769.22 
22769.35 
22769.46 
22769.58 
22769.69 
22769.81 
22769.92 
22770.02 
22770.15 
22770.26 
22770.38 
22770.48 
22770.59 
22770.72 
22770.83 
22770.93 
22771.04 
22771.15 
22771.28 
22771.40 
22771.50 
22771.63 
22771.74 
22771.86 
22771.97 
22772.09 
22772.20 
22772.31 
22772.42 
22772.54 
22772.65 
22772.77 
22772.88 
22773.01 
22773.11 
22773.24 
22773.34 
22773.47 
22773.58 
22773.70 
22773.81 
22773.93 
22774.04 
22774.16 
22774.27 
22774.40 
22774.50 
22774.63 
22774.74 
22774.86 
22774.97 
22775.09 
22775.20 
22775.32 
22775.43 
22775.56 
22775.66 
22775.79 
22775.90 
22776.02 
22776.13 
22776.25 
22776.36 
22776.48 
22776.59 
22776.72 
22776.82 
22776.95 
22777.06 
22777.18 
22777.29 
22777.41 
22777.52 
22777.64 
22777.75 
22777.88 
22777.98 
22778.11 
22778.22 
22778.34 
22778.45 
22778.57 
22778.68 
22778.80 
22778.91 
22779.02 
22779.14 
22779.25 
22779.37 
22779.48 
22779.60 
22779.71 
22779.84 
22779.94 
22780.07 
22780.18 
22780.30 
22780.41 
22780.53 
22780.64 
22780.76 
22780.87 
22781.00 
22781.11 
22781.21 
22781.34 
22781.45 
22781.57 
22781.68 
22781.80 
22781.91 
22782.04 
22782.15 
22782.27 
22782.38 
22782.50 
22782.61 
22782.73 
22782.84 
22782.96 
22783.07 
22783.20 
22783.30 
22783.43 
22783.54 
22783.66 
22783.77 
22783.89 
22784.00 
22784.12 
22784.23 
22784.36 
22784.46 
22784.59 
22784.70 
22784.82 
22784.93 
22785.05 
22785.16 
22785.28 
22785.39 
22785.52 
22785.62 
22785.75 
22785.87 
22785.98 
22786.10 
22786.21 
22786.33 
22786.44 
22786.56 
22786.67 
22786.80 
22786.90 
22787.03 
22787.14 
22787.26 
22787.37 
22787.49 
22787.60 
22787.72 
22787.83 
22787.96 
22788.06 
22788.19 
22788.29 
22788.42 
22788.53 
22788.65 
22788.76 
22788.88 
22788.99 
22789.12 
22789.22 
22789.35 
22789.46 
22789.58 
22789.69 
22789.81 
22789.92 
22790.04 
22790.15 
22790.28 
22790.38 
22790.51 
22790.61 
22790.72 
22790.84 
22790.95 
22791.08 
22791.18 
22791.31 
22791.42 
22791.54 
22791.65 
22791.77 
22791.88 
22792.00 
22792.11 
22792.24 
22792.34 
22792.47 
22792.58 
22792.70 
22792.81 
22792.93 
22793.04 
22793.16 
22793.27 
22793.40 
22793.51 
22793.62 
22793.74 
22793.86 
22793.98 
22794.10 
22794.22 
22794.34 
22794.47 
22794.59 
22794.71 
22794.83 
22794.95 
22795.08 
22795.21 
22795.33 
22795.45 
22795.57 
22795.70 
22795.83 
22795.95 
22796.07 
22796.20 
22796.32 
22796.45 
22796.58 
22796.70 
22796.81 
22796.94 
22797.07 
22797.18 
22797.30 
22797.42 
22797.54 
22797.67 
22797.79 
22797.91 
22798.03 
22798.16 
22798.28 
22798.41 
22798.53 
22798.66 
22798.78 
22798.90 
22799.02 
22799.16 
22799.28 
22799.41 
22799.53 
22799.66 
22799.78 
22799.90 
22800.02 
22800.14 
22800.28 
22800.40 
22800.52 
22800.65 
22800.77 
22800.90 
22801.02 
22801.14 
22801.26 
22801.38 
22801.51 
22801.63 
22801.76 
22801.88 
22802.00 
22802.12 
22802.25 
22802.37 
22802.49 
22802.61 
22802.74 
22802.86 
22802.98 
22803.10 
22803.23 
22803.35 
22803.48 
22803.60 
22803.72 
22803.85 
22803.98 
22804.10 
22804.22 
22804.34 
22804.46 
22804.58 
22804.70 
22804.82 
22804.94 
22805.07 
22805.20 
22805.32 
22805.44 
22805.57 
22805.69 
22805.82 
22805.94 
22806.07 
22806.19 
22806.31 
22806.43 
22806.55 
22806.67 
22806.79 
22806.92 
22807.04 
22807.17 
22807.29 
22807.42 
22807.54 
22807.66 
22807.79 
22807.91 
22808.03 
22808.16 
22808.28 
22808.40 
22808.52 
22808.64 
22808.77 
22808.89 
22809.01 
22809.13 
22809.26 
22809.38 
22809.50 
22809.61 
22809.74 
22809.86 
22809.98 
22810.10 
22810.24 
22810.36 
22810.48 
22810.60 
22810.74 
22810.86 
22810.99 
22811.10 
22811.23 
22811.35 
22811.48 
22811.61 
22811.73 
22811.85 
22811.98 
22812.09 
22812.21 
22812.35 
22812.47 
22812.59 
22812.71 
22812.82 
22812.95 
22813.07 
22813.19 
22813.31 
22813.44 
22813.56 
22813.69 
22813.82 
22813.94 
22814.06 
22814.18 
22814.30 
22814.42 
22814.54 
22814.67 
22814.79 
22814.89 
22815.02 
22815.14 
22815.26 
22815.38 
22815.50 
22815.63 
22815.75 
22815.88 
22816.00 
22816.12 
22816.24 
22816.37 
22816.49 
22816.61 
22816.74 
22816.86 
22816.98 
22817.11 
22817.23 
22817.35 
22817.47 
22817.60 
22817.72 
22817.85 
22817.97 
22818.09 
22818.22 
22818.34 
22818.46 
22818.58 
22818.70 
22818.82 
22818.94 
22819.06 
22819.19 
22819.31 
22819.44 
22819.56 
22819.68 
22819.81 
22819.93 
22820.05 
22820.17 
22820.31 
22820.44 
22820.56 
22820.68 
22820.80 
22820.92 
22821.04 
22821.16 
22821.28 
22821.40 
22821.52 
22821.65 
22821.77 
22821.89 
22822.01 
22822.13 
22822.25 
22822.37 
22822.49 
22822.62 
22822.74 
22822.86 
22822.98 
22823.11 
22823.23 
22823.36 
22823.49 
22823.61 
22823.73 
22823.85 
22823.97 
22824.09 
22824.21 
22824.33 
22824.45 
22824.57 
22824.69 
22824.81 
22824.94 
22825.06 
22825.19 
22825.31 
22825.44 
22825.56 
22825.68 
22825.79 
22825.92 
22826.04 
22826.16 
22826.29 
22826.42 
22826.54 
22826.67 
22826.79 
22826.91 
22827.03 
22827.15 
22827.27 
22827.39 
22827.52 
22827.64 
22827.77 
22827.89 
22828.01 
22828.14 
22828.27 
22828.40 
22828.52 
22828.64 
22828.76 
22828.88 
22829.00 
22829.12 
22829.24 
22829.36 
22829.48 
22829.61 
22829.73 
22829.85 
22829.98 
22830.10 
22830.22 
22830.35 
22830.48 
22830.60 
22830.72 
22830.84 
22830.96 
22831.09 
22831.21 
22831.33 
22831.45 
22831.57 
22831.69 
22831.81 
22831.93 
22832.05 
22832.17 
22832.29 
22832.41 
22832.53 
22832.66 
22832.78 
22832.90 
22833.02 
22833.14 
22833.26 
22833.38 
22833.50 
22833.63 
22833.75 
22833.87 
22834.00 
22834.12 
22834.24 
22834.36 
22834.48 
22834.61 
22834.74 
22834.86 
22834.99 
22835.11 
22835.23 
22835.36 
22835.48 
22835.60 
22835.73 
22835.85 
22835.97 
22836.11 
22836.23 
22836.35 
22836.47 
22836.59 
22836.72 
22836.84 
22836.96 
22837.08 
22837.20 
22837.32 
22837.44 
22837.57 
22837.70 
22837.83 
22837.96 
22838.07 
22838.20 
22838.33 
22838.46 
22838.58 
22838.69 
22838.82 
22838.94 
22839.06 
22839.18 
22839.31 
22839.43 
22839.55 
22839.68 
22839.80 
22839.92 
22840.05 
22840.17 
22840.29 
22840.41 
22840.53 
22840.67 
22840.79 
22840.91 
22841.03 
22841.15 
22841.28 
22841.40 
22841.52 
22841.65 
22841.77 
22841.89 
22842.01 
22842.14 
22842.27 
22842.39 
22842.52 
22842.65 
22842.78 
22842.90 
22843.03 
22843.15 
22843.28 
22843.40 
22843.52 
22843.66 
22843.78 
22843.90 
22844.02 
22844.14 
22844.26 
22844.38 
22844.50 
22844.63 
22844.76 
22844.88 
22845.00 
22845.12 
22845.24 
22845.38 
22845.50 
22845.63 
22845.75 
22845.88 
22846.00 
22846.12 
22846.25 
22846.37 
22846.49 
22846.63 
22846.75 
22846.87 
22846.99 
22847.11 
22847.23 
22847.35 
22847.47 
22847.60 
22847.72 
22847.84 
22847.97 
22848.09 
22848.21 
22848.34 
22848.46 
22848.58 
22848.71 
22848.83 
22848.95 
22849.07 
22849.19 
22849.33 
22849.45 
22849.57 
22849.69 
22849.81 
22849.93 
22850.05 
22850.19 
22850.31 
22850.43 
22850.56 
22850.69 
22850.81 
22850.93 
22851.07 
22851.19 
22851.31 
22851.43 
22851.55 
22851.67 
22851.79 
22851.91 
22852.04 
22852.16 
22852.28 
22852.41 
22852.53 
22852.66 
22852.80 
22852.92 
22853.04 
22853.16 
22853.30 
22853.43 
22853.56 
22853.68 
22853.82 
22853.94 
22854.06 
22854.18 
22854.31 
22854.44 
22854.56 
22854.68 
22854.80 
22854.92 
22855.04 
22855.16 
22855.28 
22855.41 
22855.55 
22855.67 
22855.80 
22855.92 
22856.06 
22856.18 
22856.31 
22856.43 
22856.56 
22856.69 
22856.81 
22856.95 
22857.07 
22857.20 
22857.32 
22857.46 
22857.58 
22857.70 
22857.82 
22857.94 
22858.06 
22858.19 
22858.31 
22858.44 
22858.56 
22858.68 
22858.82 
22858.94 
22859.06 
22859.18 
22859.30 
22859.43 
22859.56 
22859.68 
22859.80 
22859.93 
22860.05 
22860.18 
22860.29 
22860.41 
22860.53 
22860.66 
22860.79 
22860.91 
22861.04 
22861.16 
22861.30 
22861.42 
22861.54 
22861.67 
22861.79 
22861.91 
22862.03 
22862.16 
22862.28 
22862.40 
22862.53 
22862.66 
22862.78 
22862.89 
22863.01 
22863.14 
22863.25 
22863.37 
22863.49 
22863.61 
22863.74 
22863.87 
22863.98 
22864.11 
22864.23 
22864.36 
22864.48 
22864.61 
22864.73 
22864.86 
22864.98 
22865.10 
22865.22 
22865.34 
22865.46 
22865.58 
22865.71 
22865.83 
22865.97 
22866.09 
22866.20 
22866.32 
22866.46 
22866.58 
22866.70 
22866.82 
22866.96 
22867.08 
22867.20 
22867.32 
22867.44 
22867.57 
22867.70 
22867.83 
22867.95 
22868.07 
22868.19 
22868.32 
22868.44 
22868.56 
22868.69 
22868.81 
22868.94 
22869.06 
22869.19 
22869.30 
22869.43 
22869.55 
22869.68 
22869.82 
22869.94 
22870.06 
22870.18 
22870.31 
22870.43 
22870.55 
22870.67 
22870.79 
22870.91 
22871.04 
22871.17 
22871.29 
22871.41 
22871.53 
22871.66 
22871.78 
22871.90 
22872.02 
22872.15 
22872.27 
22872.40 
22872.52 
22872.64 
22872.76 
22872.89 
22873.01 
22873.13 
22873.24 
22873.37 
22873.49 
22873.61 
22873.74 
22873.87 
22874.00 
22874.12 
22874.24 
22874.36 
22874.49 
22874.61 
22874.73 
22874.86 
22874.98 
22875.10 
22875.23 
22875.35 
22875.47 
22875.59 
22875.72 
22875.84 
22875.97 
22876.09 
22876.22 
22876.35 
22876.46 
22876.60 
22876.72 
22876.84 
22876.97 
22877.09 
22877.20 
22877.33 
22877.45 
22877.58 
22877.70 
22877.83 
22877.95 
22878.07 
22878.19 
22878.31 
22878.43 
22878.57 
22878.69 
22878.81 
22878.93 
22879.05 
22879.17 
22879.30 
22879.42 
22879.55 
22879.67 
22879.79 
22879.91 
22880.03 
22880.16 
22880.28 
22880.40 
22880.52 
22880.64 
22880.75 
22880.88 
22881.00 
22881.13 
22881.25 
22881.38 
22881.50 
22881.62 
22881.75 
22881.87 
22881.99 
22882.11 
22882.23 
22882.35 
22882.48 
22882.60 
22882.73 
22882.85 
22882.98 
22883.11 
22883.23 
22883.36 
22883.48 
22883.61 
22883.73 
22883.86 
22883.98 
22884.10 
22884.22 
22884.35 
22884.47 
22884.59 
22884.71 
22884.84 
22884.96 
22885.09 
22885.21 
22885.34 
22885.46 
22885.59 
22885.70 
22885.83 
22885.95 
22886.07 
22886.19 
22886.32 
22886.44 
22886.57 
22886.69 
22886.82 
22886.94 
22887.07 
22887.19 
22887.31 
22887.43 
22887.56 
22887.68 
22887.81 
22887.93 
22888.06 
22888.18 
22888.30 
22888.42 
22888.56 
22888.68 
22888.81 
22888.93 
22889.05 
22889.18 
22889.30 
22889.42 
22889.55 
22889.68 
22889.80 
22889.93 
22890.06 
22890.18 
22890.30 
22890.42 
22890.55 
22890.67 
22890.81 
22890.94 
22891.06 
22891.18 
22891.30 
22891.43 
22891.56 
22891.68 
22891.81 
22891.93 
22892.06 
22892.18 
22892.30 
22892.42 
22892.55 
22892.68 
22892.79 
22892.93 
22893.05 
22893.17 
22893.30 
22893.41 
22893.53 
22893.66 
22893.78 
22893.90 
22894.02 
22894.14 
22894.28 
22894.40 
22894.52 
22894.64 
22894.76 
22894.89 
22895.01 
22895.14 
22895.26 
22895.38 
22895.50 
22895.63 
22895.75 
22895.88 
22896.00 
22896.13 
22896.25 
22896.38 
22896.50 
22896.63 
22896.75 
22896.87 
22896.99 
22897.11 
22897.23 
22897.36 
22897.48 
22897.61 
22897.73 
22897.86 
22897.98 
22898.10 
22898.22 
22898.34 
22898.47 
22898.61 
22898.73 
22898.86 
22898.98 
22899.10 
22899.22 
22899.35 
22899.47 
22899.61 
22899.73 
22899.86 
22899.98 
22900.11 
22900.23 
22900.36 
22900.48 
22900.61 
22900.73 
22900.85 
22900.97 
22901.10 
22901.21 
22901.33 
22901.46 
22901.59 
22901.71 
22901.83 
22901.95 
22902.08 
22902.20 
22902.33 
22902.45 
22902.57 
22902.69 
22902.82 
22902.93 
22903.05 
22903.17 
22903.29 
22903.42 
22903.54 
22903.66 
22903.80 
22903.92 
22904.06 
22904.18 
22904.31 
22904.42 
22904.55 
22904.67 
22904.79 
22904.91 
22905.03 
22905.15 
22905.28 
22905.40 
22905.52 
22905.64 
22905.76 
22905.89 
22906.01 
22906.13 
22906.26 
22906.38 
22906.52 
22906.64 
22906.76 
22906.89 
22907.01 
22907.14 
22907.26 
22907.38 
22907.50 
22907.62 
22907.74 
22907.88 
22908.00 
22908.12 
22908.24 
22908.36 
22908.49 
22908.62 
22908.74 
22908.87 
22908.98 
22909.12 
22909.24 
22909.36 
22909.48 
22909.61 
22909.73 
22909.85 
22909.98 
22910.11 
22910.23 
22910.36 
22910.49 
22910.61 
22910.73 
22910.86 
22910.98 
22911.10 
22911.22 
22911.35 
22911.47 
22911.60 
22911.72 
22911.86 
22911.98 
22912.10 
22912.22 
22912.35 
22912.47 
22912.61 
22912.73 
22912.86 
22912.98 
22913.10 
22913.22 
22913.34 
22913.47 
22913.59 
22913.71 
22913.84 
22913.96 
22914.09 
22914.21 
22914.34 
22914.46 
22914.59 
22914.71 
22914.83 
22914.97 
22915.09 
22915.20 
22915.33 
22915.45 
22915.57 
22915.70 
22915.82 
22915.94 
22916.06 
22916.18 
22916.30 
22916.42 
22916.54 
22916.66 
22916.79 
22916.91 
22917.03 
22917.15 
22917.28 
22917.41 
22917.53 
22917.66 
22917.78 
22917.90 
22918.02 
22918.15 
22918.28 
22918.40 
22918.52 
22918.64 
22918.77 
22918.89 
22919.02 
22919.14 
22919.26 
22919.38 
22919.52 
22919.64 
22919.77 
22919.89 
22920.02 
22920.15 
22920.27 
22920.40 
22920.52 
22920.65 
22920.77 
22920.90 
22921.02 
22921.14 
22921.26 
22921.38 
22921.51 
22921.63 
22921.76 
22921.89 
22922.01 
22922.13 
22922.25 
22922.37 
22922.50 
22922.62 
22922.75 
22922.88 
22923.00 
22923.13 
22923.25 
22923.38 
22923.49 
22923.62 
22923.75 
22923.87 
22923.99 
22924.11 
22924.23 
22924.36 
22924.48 
22924.61 
22924.73 
22924.86 
22924.98 
22925.10 
22925.22 
22925.34 
22925.46 
22925.58 
22925.70 
22925.83 
22925.95 
22926.08 
22926.20 
22926.32 
22926.45 
22926.57 
22926.70 
22926.81 
22926.93 
22927.07 
22927.18 
22927.30 
22927.42 
22927.56 
22927.68 
22927.80 
22927.93 
22928.05 
22928.17 
22928.29 
22928.41 
22928.53 
22928.66 
22928.78 
22928.90 
22929.02 
22929.14 
22929.28 
22929.41 
22929.53 
22929.66 
22929.78 
22929.89 
22930.01 
22930.15 
22930.27 
22930.39 
22930.52 
22930.65 
22930.77 
22930.89 
22931.01 
22931.14 
22931.25 
22931.38 
22931.49 
22931.61 
22931.73 
22931.86 
22931.98 
22932.10 
22932.22 
22932.34 
22932.46 
22932.58 
22932.70 
22932.82 
22932.96 
22933.08 
22933.20 
22933.33 
22933.45 
22933.58 
22933.70 
22933.82 
22933.94 
22934.06 
22934.18 
22934.30 
22934.42 
22934.54 
22934.66 
22934.79 
22934.91 
22935.04 
22935.17 
22935.29 
22935.41 
22935.53 
22935.65 
22935.77 
22935.89 
22936.01 
22936.13 
22936.26 
22936.38 
22936.50 
22936.62 
22936.74 
22936.87 
22937.00 
22937.12 
22937.25 
22937.37 
22937.50 
22937.63 
22937.76 
22937.88 
22938.00 
22938.12 
22938.25 
22938.37 
22938.49 
22938.61 
22938.73 
22938.85 
22938.97 
22939.10 
22939.21 
22939.33 
22939.46 
22939.58 
22939.70 
22939.82 
22939.94 
22940.08 
22940.20 
22940.32 
22940.44 
22940.56 
22940.68 
22940.81 
22940.93 
22941.06 
22941.18 
22941.31 
22941.43 
22941.57 
22941.69 
22941.81 
22941.93 
22942.06 
22942.18 
22942.29 
22942.41 
22942.53 
22942.65 
22942.78 
22942.89 
22943.02 
22943.15 
22943.26 
22943.39 
22943.52 
22943.64 
22943.77 
22943.89 
22944.02 
22944.14 
22944.27 
22944.39 
22944.52 
22944.64 
22944.77 
22944.89 
22945.02 
22945.14 
22945.26 
22945.38 
22945.50 
22945.62 
22945.74 
22945.86 
22945.98 
22946.10 
22946.22 
22946.33 
22946.46 
22946.58 
22946.70 
22946.80 
22946.91 
22947.04 
22947.14 
22947.27 
22947.38 
22947.50 
22947.61 
22947.73 
22947.84 
22947.96 
22948.07 
22948.19 
22948.30 
22948.43 
22948.54 
22948.66 
22948.77 
22948.89 
22949.00 
22949.12 
22949.23 
22949.36 
22949.46 
22949.59 
22949.70 
22949.82 
22949.94 
22950.05 
22950.16 
22950.28 
22950.39 
22950.52 
22950.62 
22950.75 
22950.86 
22950.98 
22951.09 
22951.21 
22951.32 
22951.42 
22951.55 
22951.66 
22951.78 
22951.89 
22952.01 
22952.12 
22952.24 
22952.35 
22952.48 
22952.58 
22952.71 
22952.82 
22952.94 
22953.05 
22953.17 
22953.28 
22953.40 
22953.51 
22953.64 
22953.75 
22953.85 
22953.98 
22954.09 
22954.21 
22954.32 
22954.44 
22954.55 
22954.68 
22954.78 
22954.91 
22955.02 
22955.14 
22955.25 
22955.38 
22955.48 
22955.59 
22955.72 
22955.83 
22955.95 
22956.06 
22956.18 
22956.29 
22956.41 
22956.52 
22956.64 
22956.75 
22956.88 
22956.98 
22957.11 
22957.22 
22957.34 
22957.45 
22957.57 
22957.68 
22957.80 
22957.91 
22958.04 
22958.14 
22958.27 
22958.38 
22958.50 
22958.61 
22958.73 
22958.84 
22958.96 
22959.07 
22959.20 
22959.30 
22959.43 
22959.54 
22959.66 
22959.77 
22959.89 
22960.00 
22960.12 
22960.23 
22960.36 
22960.46 
22960.59 
22960.69 
22960.82 
22960.93 
22961.06 
22961.16 
22961.27 
22961.40 
22961.51 
22961.61 
22961.74 
22961.85 
22961.98 
22962.08 
22962.19 
22962.32 
22962.42 
22962.55 
22962.66 
22962.77 
22962.89 
22963.00 
22963.12 
22963.23 
22963.36 
22963.48 
22963.59 
22963.71 
22963.82 
22963.94 
22964.05 
22964.17 
22964.28 
22964.40 
22964.51 
22964.64 
22964.75 
22964.87 
22964.98 
22965.09 
22965.21 
22965.32 
22965.44 
22965.55 
22965.68 
22965.78 
22965.91 
22966.01 
22966.14 
22966.25 
22966.37 
22966.48 
22966.60 
22966.71 
22966.84 
22966.94 
22967.07 
22967.18 
22967.30 
22967.41 
22967.53 
22967.64 
22967.75 
22967.85 
22967.98 
22968.09 
22968.21 
22968.32 
22968.42 
22968.55 
22968.66 
22968.77 
22968.89 
22969.00 
22969.10 
22969.23 
22969.34 
22969.46 
22969.57 
22969.69 
22969.80 
22969.91 
22970.03 
22970.14 
22970.25 
22970.37 
22970.48 
22970.60 
22970.71 
22970.84 
22970.94 
22971.07 
22971.18 
22971.29 
22971.41 
22971.52 
22971.63 
22971.74 
22971.86 
22971.97 
22972.08 
22972.20 
22972.31 
22972.42 
22972.54 
22972.64 
22972.75 
22972.88 
22972.98 
22973.11 
22973.22 
22973.34 
22973.45 
22973.57 
22973.68 
22973.81 
22973.92 
22974.02 
22974.15 
22974.26 
22974.38 
22974.51 
22974.62 
22974.74 
22974.85 
22974.97 
22975.08 
22975.21 
22975.32 
22975.42 
22975.55 
22975.66 
22975.78 
22975.89 
22976.01 
22976.12 
22976.24 
22976.35 
22976.48 
22976.58 
22976.70 
22976.81 
22976.92 
22977.05 
22977.15 
22977.28 
22977.39 
22977.49 
22977.62 
22977.73 
22977.85 
22977.96 
22978.08 
22978.19 
22978.32 
22978.42 
22978.55 
22978.66 
22978.78 
22978.89 
22979.00 
22979.12 
22979.23 
22979.36 
22979.46 
22979.59 
22979.70 
22979.82 
22979.93 
22980.05 
22980.16 
22980.28 
22980.39 
22980.52 
22980.62 
22980.75 
22980.86 
22980.98 
22981.09 
22981.21 
22981.32 
22981.44 
22981.56 
22981.67 
22981.80 
22981.90 
22982.03 
22982.14 
22982.26 
22982.37 
22982.49 
22982.60 
22982.72 
22982.83 
22982.96 
22983.06 
22983.19 
22983.30 
22983.42 
22983.53 
22983.65 
22983.76 
22983.88 
22983.99 
22984.12 
22984.22 
22984.35 
22984.46 
22984.58 
22984.70 
22984.81 
22984.92 
22985.05 
22985.16 
22985.26 
22985.39 
22985.50 
22985.61 
22985.73 
22985.84 
22985.95 
22986.08 
22986.18 
22986.31 
22986.42 
22986.54 
22986.65 
22986.76 
22986.88 
22986.99 
22987.11 
22987.22 
22987.35 
22987.46 
22987.58 
22987.69 
22987.81 
22987.92 
22988.04 
22988.15 
22988.26 
22988.38 
22988.49 
22988.61 
22988.72 
22988.84 
22988.95 
22989.08 
22989.18 
22989.31 
22989.42 
22989.54 
22989.65 
22989.77 
22989.88 
22990.00 
22990.11 
22990.24 
22990.35 
22990.45 
22990.58 
22990.70 
22990.81 
22990.92 
22991.04 
22991.15 
22991.28 
22991.38 
22991.51 
22991.62 
22991.74 
22991.86 
22991.98 
22992.11 
22992.23 
22992.37 
22992.49 
22992.60 
22992.73 
22992.85 
22992.98 
22993.10 
22993.22 
22993.35 
22993.48 
22993.60 
22993.72 
22993.84 
22993.96 
22994.09 
22994.21 
22994.34 
22994.46 
22994.58 
22994.70 
22994.84 
22994.96 
22995.08 
22995.21 
22995.33 
22995.46 
22995.58 
22995.70 
22995.82 
22995.95 
22996.07 
22996.20 
22996.32 
22996.44 
22996.56 
22996.69 
22996.82 
22996.95 
22997.07 
22997.18 
22997.31 
22997.43 
22997.56 
22997.69 
22997.81 
22997.93 
22998.06 
22998.18 
22998.30 
22998.42 
22998.54 
22998.67 
22998.79 
22998.92 
22999.04 
22999.16 
22999.29 
22999.41 
22999.55 
22999.67 
22999.79 
22999.90 
23000.02 
23000.14 
23000.27 
23000.39 
23000.52 
23000.64 
23000.77 
23000.89 
23001.02 
23001.14 
23001.28 
23001.40 
23001.52 
23001.64 
23001.77 
23001.89 
23002.01 
23002.13 
23002.25 
23002.37 
23002.50 
23002.62 
23002.75 
23002.87 
23003.00 
23003.12 
23003.25 
23003.37 
23003.50 
23003.61 
23003.74 
23003.86 
23003.98 
23004.10 
23004.22 
23004.35 
23004.47 
23004.60 
23004.72 
23004.85 
23004.98 
23005.10 
23005.23 
23005.35 
23005.48 
23005.60 
23005.72 
23005.84 
23005.98 
23006.10 
23006.23 
23006.34 
23006.47 
23006.59 
23006.72 
23006.84 
23006.97 
23007.09 
23007.22 
23007.33 
23007.46 
23007.58 
23007.70 
23007.83 
23007.95 
23008.08 
23008.20 
23008.33 
23008.45 
23008.58 
23008.70 
23008.82 
23008.95 
23009.07 
23009.19 
23009.31 
23009.43 
23009.55 
23009.67 
23009.80 
23009.92 
23010.04 
23010.16 
23010.29 
23010.42 
23010.55 
23010.67 
23010.79 
23010.91 
23011.04 
23011.16 
23011.29 
23011.42 
23011.54 
23011.67 
23011.79 
23011.92 
23012.04 
23012.16 
23012.29 
23012.41 
23012.54 
23012.66 
23012.78 
23012.90 
23013.02 
23013.15 
23013.27 
23013.39 
23013.51 
23013.63 
23013.75 
23013.87 
23013.99 
23014.11 
23014.23 
23014.35 
23014.48 
23014.60 
23014.72 
23014.84 
23014.97 
23015.09 
23015.21 
23015.34 
23015.46 
23015.59 
23015.71 
23015.83 
23015.95 
23016.07 
23016.20 
23016.33 
23016.45 
23016.57 
23016.71 
23016.84 
23016.97 
23017.09 
23017.21 
23017.33 
23017.45 
23017.57 
23017.69 
23017.82 
23017.95 
23018.08 
23018.20 
23018.33 
23018.45 
23018.58 
23018.69 
23018.82 
23018.94 
23019.06 
23019.18 
23019.31 
23019.44 
23019.56 
23019.69 
23019.81 
23019.93 
23020.06 
23020.18 
23020.30 
23020.42 
23020.55 
23020.67 
23020.79 
23020.91 
23021.04 
23021.16 
23021.28 
23021.41 
23021.53 
23021.65 
23021.79 
23021.91 
23022.03 
23022.15 
23022.27 
23022.40 
23022.52 
23022.65 
23022.77 
23022.89 
23023.01 
23023.13 
23023.26 
23023.38 
23023.50 
23023.63 
23023.75 
23023.88 
23024.01 
23024.15 
23024.27 
23024.39 
23024.53 
23024.66 
23024.78 
23024.90 
23025.02 
23025.14 
23025.26 
23025.38 
23025.52 
23025.64 
23025.76 
23025.88 
23026.00 
23026.12 
23026.24 
23026.36 
23026.48 
23026.61 
23026.73 
23026.86 
23026.98 
23027.09 
23027.22 
23027.35 
23027.47 
23027.59 
23027.71 
23027.84 
23027.96 
23028.09 
23028.21 
23028.35 
23028.47 
23028.60 
23028.72 
23028.86 
23028.98 
23029.11 
23029.23 
23029.35 
23029.48 
23029.60 
23029.72 
23029.84 
23029.96 
23030.09 
23030.22 
23030.34 
23030.46 
23030.57 
23030.70 
23030.81 
23030.94 
23031.06 
23031.18 
23031.30 
23031.43 
23031.55 
23031.68 
23031.80 
23031.92 
23032.04 
23032.16 
23032.28 
23032.40 
23032.52 
23032.65 
23032.77 
23032.89 
23033.02 
23033.15 
23033.27 
23033.40 
23033.53 
23033.66 
23033.77 
23033.89 
23034.02 
23034.14 
23034.26 
23034.38 
23034.52 
23034.64 
23034.78 
23034.90 
23035.02 
23035.15 
23035.27 
23035.39 
23035.51 
23035.63 
23035.75 
23035.87 
23035.99 
23036.12 
23036.24 
23036.38 
23036.50 
23036.62 
23036.75 
23036.88 
23037.00 
23037.12 
23037.24 
23037.37 
23037.50 
23037.62 
23037.74 
23037.88 
23038.00 
23038.13 
23038.25 
23038.37 
23038.49 
23038.61 
23038.73 
23038.85 
23038.99 
23039.11 
23039.23 
23039.36 
23039.48 
23039.61 
23039.73 
23039.85 
23039.97 
23040.09 
23040.22 
23040.35 
23040.47 
23040.60 
23040.71 
23040.84 
23040.97 
23041.09 
23041.23 
23041.35 
23041.47 
23041.59 
23041.71 
23041.83 
23041.95 
23042.08 
23042.20 
23042.34 
23042.47 
23042.59 
23042.71 
23042.83 
23042.95 
23043.09 
23043.21 
23043.33 
23043.46 
23043.58 
23043.72 
23043.84 
23043.96 
23044.08 
23044.21 
23044.34 
23044.47 
23044.59 
23044.73 
23044.85 
23044.98 
23045.10 
23045.22 
23045.36 
23045.48 
23045.60 
23045.72 
23045.84 
23045.98 
23046.10 
23046.23 
23046.36 
23046.48 
23046.61 
23046.74 
23046.86 
23046.98 
23047.10 
23047.23 
23047.35 
23047.47 
23047.59 
23047.71 
23047.83 
23047.95 
23048.07 
23048.20 
23048.32 
23048.46 
23048.58 
23048.70 
23048.82 
23048.95 
23049.08 
23049.21 
23049.33 
23049.46 
23049.59 
23049.71 
23049.83 
23049.95 
23050.07 
23050.19 
23050.32 
23050.45 
23050.58 
23050.72 
23050.84 
23050.98 
23051.10 
23051.23 
23051.36 
23051.47 
23051.60 
23051.72 
23051.84 
23051.96 
23052.08 
23052.20 
23052.33 
23052.46 
23052.58 
23052.72 
23052.84 
23052.96 
23053.09 
23053.21 
23053.34 
23053.46 
23053.58 
23053.71 
23053.84 
23053.97 
23054.09 
23054.21 
23054.33 
23054.45 
23054.58 
23054.70 
23054.83 
23054.96 
23055.09 
23055.21 
23055.33 
23055.47 
23055.60 
23055.72 
23055.85 
23055.97 
23056.09 
23056.21 
23056.33 
23056.45 
23056.59 
23056.71 
23056.83 
23056.95 
23057.07 
23057.20 
23057.32 
23057.46 
23057.58 
23057.70 
23057.82 
23057.95 
23058.07 
23058.19 
23058.32 
23058.44 
23058.57 
23058.70 
23058.81 
23058.94 
23059.07 
23059.19 
23059.30 
23059.43 
23059.56 
23059.68 
23059.81 
23059.93 
23060.06 
23060.18 
23060.31 
23060.43 
23060.57 
23060.69 
23060.81 
23060.93 
23061.06 
23061.18 
23061.31 
23061.43 
23061.56 
23061.68 
23061.80 
23061.91 
23062.05 
23062.17 
23062.29 
23062.41 
23062.53 
23062.65 
23062.78 
23062.90 
23063.02 
23063.15 
23063.27 
23063.40 
23063.52 
23063.64 
23063.77 
23063.89 
23064.02 
23064.14 
23064.25 
23064.37 
23064.49 
23064.62 
23064.74 
23064.86 
23064.98 
23065.10 
23065.22 
23065.35 
23065.48 
23065.60 
23065.72 
23065.84 
23065.97 
23066.09 
23066.22 
23066.34 
23066.46 
23066.58 
23066.70 
23066.82 
23066.96 
23067.08 
23067.20 
23067.33 
23067.46 
23067.57 
23067.69 
23067.81 
23067.93 
23068.06 
23068.18 
23068.31 
23068.43 
23068.55 
23068.67 
23068.80 
23068.92 
23069.04 
23069.16 
23069.29 
23069.41 
23069.54 
23069.66 
23069.78 
23069.90 
23070.02 
23070.16 
23070.28 
23070.40 
23070.52 
23070.65 
23070.77 
23070.89 
23071.02 
23071.14 
23071.26 
23071.39 
23071.50 
23071.64 
23071.76 
23071.89 
23072.01 
23072.14 
23072.26 
23072.39 
23072.51 
23072.64 
23072.77 
23072.89 
23073.00 
23073.13 
23073.25 
23073.37 
23073.50 
23073.61 
23073.73 
23073.86 
23073.98 
23074.10 
23074.23 
23074.36 
23074.48 
23074.59 
23074.71 
23074.84 
23074.97 
23075.08 
23075.21 
23075.33 
23075.45 
23075.58 
23075.70 
23075.84 
23075.95 
23076.08 
23076.20 
23076.33 
23076.45 
23076.58 
23076.70 
23076.82 
23076.95 
23077.07 
23077.19 
23077.32 
23077.44 
23077.57 
23077.69 
23077.81 
23077.93 
23078.05 
23078.17 
23078.29 
23078.41 
23078.54 
23078.67 
23078.79 
23078.91 
23079.03 
23079.15 
23079.27 
23079.39 
23079.52 
23079.64 
23079.76 
23079.88 
23080.01 
23080.13 
23080.25 
23080.38 
23080.50 
23080.63 
23080.75 
23080.88 
23081.00 
23081.13 
23081.25 
23081.38 
23081.50 
23081.62 
23081.75 
23081.87 
23081.99 
23082.12 
23082.25 
23082.38 
23082.50 
23082.62 
23082.74 
23082.86 
23082.98 
23083.10 
23083.22 
23083.34 
23083.46 
23083.60 
23083.72 
23083.84 
23083.97 
23084.09 
23084.20 
23084.31 
23084.44 
23084.56 
23084.68 
23084.82 
23084.94 
23085.06 
23085.18 
23085.31 
23085.43 
23085.56 
23085.69 
23085.81 
23085.93 
23086.06 
23086.18 
23086.30 
23086.43 
23086.54 
23086.67 
23086.79 
23086.91 
23087.05 
23087.17 
23087.29 
23087.42 
23087.53 
23087.65 
23087.78 
23087.90 
23088.04 
23088.16 
23088.29 
23088.41 
23088.54 
23088.66 
23088.79 
23088.90 
23089.04 
23089.16 
23089.28 
23089.40 
23089.52 
23089.64 
23089.77 
23089.89 
23090.02 
23090.14 
23090.27 
23090.39 
23090.52 
23090.64 
23090.77 
23090.89 
23091.02 
23091.13 
23091.26 
23091.39 
23091.50 
23091.64 
23091.76 
23091.89 
23092.01 
23092.14 
23092.27 
23092.39 
23092.51 
23092.63 
23092.77 
23092.89 
23093.00 
23093.12 
23093.25 
23093.37 
23093.49 
23093.62 
23093.74 
23093.86 
23093.99 
23094.11 
23094.23 
23094.36 
23094.48 
23094.61 
23094.73 
23094.85 
23094.97 
23095.10 
23095.23 
23095.35 
23095.47 
23095.59 
23095.72 
23095.84 
23095.97 
23096.09 
23096.21 
23096.33 
23096.46 
23096.58 
23096.70 
23096.82 
23096.94 
23097.08 
23097.20 
23097.32 
23097.45 
23097.57 
23097.69 
23097.82 
23097.95 
23098.07 
23098.19 
23098.31 
23098.44 
23098.56 
23098.69 
23098.81 
23098.94 
23099.07 
23099.18 
23099.31 
23099.43 
23099.55 
23099.67 
23099.80 
23099.92 
23100.04 
23100.16 
23100.28 
23100.41 
23100.54 
23100.66 
23100.79 
23100.91 
23101.03 
23101.15 
23101.28 
23101.40 
23101.52 
23101.64 
23101.77 
23101.89 
23102.02 
23102.14 
23102.27 
23102.39 
23102.51 
23102.63 
23102.77 
23102.89 
23103.01 
23103.14 
23103.26 
23103.39 
23103.50 
23103.63 
23103.75 
23103.88 
23104.01 
23104.13 
23104.25 
23104.38 
23104.50 
23104.61 
23104.74 
23104.87 
23104.99 
23105.11 
23105.23 
23105.36 
23105.48 
23105.61 
23105.73 
23105.86 
23105.98 
23106.10 
23106.22 
23106.35 
23106.47 
23106.60 
23106.72 
23106.85 
23106.97 
23107.10 
23107.22 
23107.34 
23107.47 
23107.59 
23107.71 
23107.83 
23107.95 
23108.09 
23108.21 
23108.33 
23108.46 
23108.58 
23108.71 
23108.83 
23108.97 
23109.09 
23109.21 
23109.33 
23109.46 
23109.58 
23109.70 
23109.83 
23109.96 
23110.08 
23110.20 
23110.32 
23110.44 
23110.56 
23110.68 
23110.81 
23110.93 
23111.06 
23111.18 
23111.30 
23111.42 
23111.55 
23111.67 
23111.80 
23111.93 
23112.06 
23112.18 
23112.30 
23112.43 
23112.55 
23112.68 
23112.80 
23112.92 
23113.04 
23113.16 
23113.29 
23113.41 
23113.54 
23113.66 
23113.79 
23113.91 
23114.05 
23114.17 
23114.29 
23114.40 
23114.52 
23114.65 
23114.77 
23114.89 
23115.01 
23115.14 
23115.26 
23115.39 
23115.50 
23115.63 
23115.76 
23115.88 
23116.00 
23116.13 
23116.25 
23116.38 
23116.50 
23116.62 
23116.74 
23116.88 
23117.00 
23117.12 
23117.24 
23117.37 
23117.49 
23117.62 
23117.73 
23117.86 
23117.98 
23118.11 
23118.23 
23118.36 
23118.49 
23118.61 
23118.73 
23118.85 
23118.97 
23119.09 
23119.21 
23119.33 
23119.45 
23119.58 
23119.70 
23119.83 
23119.95 
23120.07 
23120.20 
23120.32 
23120.46 
23120.58 
23120.70 
23120.82 
23120.95 
23121.07 
23121.19 
23121.31 
23121.43 
23121.56 
23121.69 
23121.81 
23121.93 
23122.06 
23122.18 
23122.30 
23122.43 
23122.55 
23122.68 
23122.80 
23122.92 
23123.05 
23123.18 
23123.30 
23123.42 
23123.55 
23123.67 
23123.80 
23123.92 
23124.04 
23124.16 
23124.28 
23124.41 
23124.53 
23124.66 
23124.79 
23124.91 
23125.03 
23125.15 
23125.28 
23125.40 
23125.52 
23125.64 
23125.77 
23125.89 
23126.01 
23126.14 
23126.26 
23126.38 
23126.50 
23126.63 
23126.75 
23126.87 
23126.99 
23127.12 
23127.24 
23127.36 
23127.48 
23127.61 
23127.74 
23127.85 
23127.98 
23128.09 
23128.21 
23128.33 
23128.46 
23128.58 
23128.70 
23128.82 
23128.96 
23129.08 
23129.19 
23129.31 
23129.44 
23129.56 
23129.69 
23129.81 
23129.94 
23130.06 
23130.18 
23130.30 
23130.44 
23130.56 
23130.69 
23130.82 
23130.93 
23131.06 
23131.18 
23131.30 
23131.43 
23131.56 
23131.68 
23131.81 
23131.93 
23132.05 
23132.17 
23132.30 
23132.42 
23132.54 
23132.67 
23132.79 
23132.91 
23133.03 
23133.15 
23133.29 
23133.41 
23133.53 
23133.65 
23133.77 
23133.89 
23134.01 
23134.14 
23134.27 
23134.39 
23134.52 
23134.64 
23134.76 
23134.88 
23135.01 
23135.13 
23135.26 
23135.38 
23135.51 
23135.64 
23135.76 
23135.89 
23136.01 
23136.13 
23136.26 
23136.38 
23136.50 
23136.64 
23136.76 
23136.89 
23137.01 
23137.14 
23137.26 
23137.39 
23137.50 
23137.64 
23137.76 
23137.88 
23138.00 
23138.12 
23138.25 
23138.37 
23138.49 
23138.61 
23138.73 
23138.85 
23138.98 
23139.10 
23139.22 
23139.35 
23139.48 
23139.60 
23139.72 
23139.85 
23139.97 
23140.09 
23140.22 
23140.34 
23140.46 
23140.58 
23140.70 
23140.82 
23140.95 
23141.08 
23141.20 
23141.32 
23141.44 
23141.56 
23141.68 
23141.81 
23141.94 
23142.06 
23142.18 
23142.31 
23142.43 
23142.56 
23142.68 
23142.81 
23142.93 
23143.06 
23143.18 
23143.31 
23143.43 
23143.55 
23143.67 
23143.80 
23143.92 
23144.04 
23144.17 
23144.28 
23144.40 
23144.51 
23144.62 
23144.74 
23144.85 
23144.97 
23145.08 
23145.20 
23145.31 
23145.44 
23145.55 
23145.67 
23145.78 
23145.89 
23146.01 
23146.12 
23146.22 
23146.35 
23146.46 
23146.58 
23146.69 
23146.81 
23146.92 
23147.04 
23147.15 
23147.28 
23147.38 
23147.51 
23147.62 
23147.74 
23147.85 
23147.98 
23148.08 
23148.19 
23148.32 
23148.42 
23148.55 
23148.66 
23148.78 
23148.89 
23149.02 
23149.12 
23149.23 
23149.35 
23149.46 
23149.57 
23149.69 
23149.81 
23149.92 
23150.04 
23150.15 
23150.28 
23150.38 
23150.51 
23150.61 
23150.74 
23150.85 
23150.97 
23151.08 
23151.20 
23151.31 
23151.44 
23151.54 
23151.67 
23151.78 
23151.90 
23152.01 
23152.12 
23152.25 
23152.36 
23152.47 
23152.60 
23152.71 
23152.82 
23152.94 
23153.05 
23153.17 
23153.28 
23153.39 
23153.52 
23153.62 
23153.75 
23153.86 
23153.97 
23154.09 
23154.20 
23154.32 
23154.43 
23154.56 
23154.66 
23154.79 
23154.89 
23155.02 
23155.12 
23155.23 
23155.36 
23155.47 
23155.59 
23155.70 
23155.81 
23155.93 
23156.04 
23156.16 
23156.27 
23156.40 
23156.50 
23156.63 
23156.74 
23156.85 
23156.97 
23157.08 
23157.20 
23157.31 
23157.44 
23157.54 
23157.67 
23157.78 
23157.90 
23158.01 
23158.12 
23158.24 
23158.35 
23158.46 
23158.58 
23158.69 
23158.81 
23158.92 
23159.04 
23159.15 
23159.28 
23159.38 
23159.51 
23159.62 
23159.74 
23159.85 
23159.97 
23160.08 
23160.20 
23160.31 
23160.44 
23160.54 
23160.67 
23160.78 
23160.90 
23161.01 
23161.13 
23161.24 
23161.35 
23161.48 
23161.58 
23161.71 
23161.82 
23161.94 
23162.05 
23162.17 
23162.28 
23162.40 
23162.51 
23162.64 
23162.74 
23162.87 
23162.98 
23163.10 
23163.21 
23163.32 
23163.44 
23163.55 
23163.68 
23163.78 
23163.91 
23164.02 
23164.14 
23164.25 
23164.37 
23164.48 
23164.60 
23164.71 
23164.84 
23164.94 
23165.07 
23165.18 
23165.30 
23165.41 
23165.52 
23165.65 
23165.75 
23165.86 
23165.99 
23166.09 
23166.22 
23166.33 
23166.45 
23166.56 
23166.68 
23166.79 
23166.92 
23167.02 
23167.15 
23167.26 
23167.37 
23167.49 
23167.60 
23167.72 
23167.83 
23167.96 
23168.07 
23168.18 
23168.30 
23168.41 
23168.53 
23168.64 
23168.76 
23168.87 
23169.00 
23169.11 
23169.23 
23169.34 
23169.46 
23169.57 
23169.69 
23169.80 
23169.91 
23170.04 
23170.15 
23170.25 
23170.38 
23170.49 
23170.61 
23170.72 
23170.83 
23170.96 
23171.06 
23171.19 
23171.30 
23171.42 
23171.53 
23171.64 
23171.76 
23171.87 
23172.00 
23172.10 
23172.23 
23172.34 
23172.46 
23172.57 
23172.70 
23172.80 
23172.91 
23173.04 
23173.15 
23173.27 
23173.38 
23173.50 
23173.61 
23173.73 
23173.84 
23173.97 
23174.07 
23174.18 
23174.31 
23174.42 
23174.54 
23174.65 
23174.77 
23174.88 
23175.01 
23175.12 
23175.23 
23175.35 
23175.46 
23175.58 
23175.69 
23175.81 
23175.92 
23176.04 
23176.15 
23176.28 
23176.39 
23176.49 
23176.62 
23176.73 
23176.85 
23176.96 
23177.08 
23177.19 
23177.32 
23177.42 
23177.55 
23177.66 
23177.77 
23177.89 
23178.00 
23178.10 
23178.23 
23178.34 
23178.46 
23178.57 
23178.69 
23178.80 
23178.92 
23179.03 
23179.16 
23179.26 
23179.39 
23179.50 
23179.62 
23179.73 
23179.85 
23179.96 
23180.08 
23180.19 
23180.32 
23180.42 
23180.55 
23180.66 
23180.78 
23180.89 
23181.01 
23181.12 
23181.24 
23181.35 
23181.48 
23181.58 
23181.71 
23181.82 
23181.94 
23182.05 
23182.16 
23182.28 
23182.39 
23182.52 
23182.62 
23182.75 
23182.86 
23182.97 
23183.09 
23183.20 
23183.32 
23183.43 
23183.56 
23183.66 
23183.79 
23183.89 
23184.02 
23184.13 
23184.25 
23184.36 
23184.48 
23184.59 
23184.72 
23184.83 
23184.93 
23185.06 
23185.17 
23185.29 
23185.40 
23185.52 
23185.63 
23185.76 
23185.86 
23185.99 
23186.10 
23186.22 
23186.33 
23186.45 
23186.56 
23186.68 
23186.79 
23186.92 
23187.03 
23187.14 
23187.26 
23187.37 
23187.49 
23187.60 
23187.72 
23187.83 
23187.96 
23188.06 
23188.19 
23188.29 
23188.42 
23188.53 
23188.66 
23188.76 
23188.87 
23189.00 
23189.10 
23189.23 
23189.35 
23189.46 
23189.59 
23189.71 
23189.83 
23189.95 
23190.07 
23190.20 
23190.32 
23190.45 
23190.58 
23190.69 
23190.81 
23190.93 
23191.05 
23191.17 
23191.29 
23191.41 
23191.53 
23191.65 
23191.78 
23191.89 
23192.02 
23192.14 
23192.26 
23192.37 
23192.50 
23192.62 
23192.75 
23192.87 
23192.99 
23193.11 
23193.23 
23193.35 
23193.47 
23193.59 
23193.72 
23193.84 
23193.96 
23194.08 
23194.20 
23194.32 
23194.45 
23194.56 
23194.69 
23194.81 
23194.93 
23195.06 
23195.18 
23195.30 
23195.42 
23195.55 
23195.67 
23195.80 
23195.92 
23196.05 
23196.17 
23196.30 
23196.42 
23196.54 
23196.66 
23196.78 
23196.90 
23197.03 
23197.15 
23197.28 
23197.41 
23197.53 
23197.65 
23197.77 
23197.89 
23198.02 
23198.14 
23198.27 
23198.38 
23198.51 
23198.63 
23198.77 
23198.89 
23199.00 
23199.12 
23199.25 
23199.38 
23199.50 
23199.62 
23199.76 
23199.88 
23200.00 
23200.12 
23200.24 
23200.36 
23200.50 
23200.62 
23200.74 
23200.86 
23200.99 
23201.11 
23201.23 
23201.36 
23201.48 
23201.61 
23201.73 
23201.86 
23201.98 
23202.10 
23202.22 
23202.35 
23202.47 
23202.60 
23202.72 
23202.85 
23202.98 
23203.10 
23203.22 
23203.35 
23203.47 
23203.60 
23203.72 
23203.84 
23203.97 
23204.09 
23204.21 
23204.33 
23204.45 
23204.56 
23204.69 
23204.81 
23204.93 
23205.05 
23205.18 
23205.30 
23205.42 
23205.54 
23205.68 
23205.80 
23205.92 
23206.04 
23206.16 
23206.28 
23206.41 
23206.53 
23206.66 
23206.78 
23206.90 
23207.04 
23207.15 
23207.28 
23207.40 
23207.54 
23207.66 
23207.79 
23207.91 
23208.03 
23208.17 
23208.29 
23208.41 
23208.53 
23208.66 
23208.78 
23208.90 
23209.02 
23209.16 
23209.28 
23209.41 
23209.54 
23209.65 
23209.77 
23209.89 
23210.01 
23210.13 
23210.25 
23210.37 
23210.49 
23210.61 
23210.73 
23210.85 
23210.98 
23211.10 
23211.22 
23211.35 
23211.47 
23211.60 
23211.72 
23211.84 
23211.96 
23212.08 
23212.20 
23212.32 
23212.44 
23212.56 
23212.68 
23212.80 
23212.93 
23213.05 
23213.18 
23213.32 
23213.44 
23213.56 
23213.69 
23213.81 
23213.93 
23214.05 
23214.18 
23214.29 
23214.42 
23214.53 
23214.66 
23214.78 
23214.90 
23215.02 
23215.14 
23215.28 
23215.41 
23215.53 
23215.65 
23215.77 
23215.90 
23216.03 
23216.15 
23216.27 
23216.39 
23216.51 
23216.63 
23216.75 
23216.87 
23216.99 
23217.11 
23217.25 
23217.37 
23217.49 
23217.62 
23217.74 
23217.86 
23217.98 
23218.12 
23218.24 
23218.36 
23218.48 
23218.60 
23218.72 
23218.84 
23218.96 
23219.09 
23219.21 
23219.34 
23219.46 
23219.58 
23219.70 
23219.82 
23219.94 
23220.07 
23220.19 
23220.31 
23220.45 
23220.57 
23220.69 
23220.81 
23220.93 
23221.05 
23221.17 
23221.29 
23221.42 
23221.54 
23221.66 
23221.78 
23221.90 
23222.03 
23222.17 
23222.29 
23222.43 
23222.55 
23222.67 
23222.79 
23222.92 
23223.04 
23223.15 
23223.28 
23223.40 
23223.52 
23223.64 
23223.76 
23223.88 
23224.00 
23224.12 
23224.24 
23224.36 
23224.50 
23224.62 
23224.74 
23224.87 
23225.00 
23225.13 
23225.25 
23225.37 
23225.49 
23225.63 
23225.75 
23225.87 
23225.99 
23226.11 
23226.24 
23226.37 
23226.49 
23226.61 
23226.73 
23226.86 
23226.98 
23227.10 
23227.23 
23227.35 
23227.47 
23227.59 
23227.71 
23227.83 
23227.97 
23228.09 
23228.22 
23228.33 
23228.46 
23228.59 
23228.72 
23228.85 
23228.97 
23229.10 
23229.22 
23229.33 
23229.46 
23229.58 
23229.69 
23229.82 
23229.93 
23230.06 
23230.19 
23230.32 
23230.45 
23230.57 
23230.70 
23230.82 
23230.94 
23231.06 
23231.20 
23231.32 
23231.44 
23231.56 
23231.68 
23231.80 
23231.92 
23232.04 
23232.18 
23232.31 
23232.43 
23232.55 
23232.67 
23232.80 
23232.92 
23233.04 
23233.16 
23233.30 
23233.42 
23233.55 
23233.68 
23233.80 
23233.93 
23234.05 
23234.17 
23234.29 
23234.41 
23234.54 
23234.66 
23234.78 
23234.90 
23235.03 
23235.17 
23235.30 
23235.42 
23235.54 
23235.66 
23235.80 
23235.92 
23236.06 
23236.19 
23236.31 
23236.43 
23236.56 
23236.68 
23236.80 
23236.93 
23237.06 
23237.19 
23237.31 
23237.45 
23237.57 
23237.69 
23237.81 
23237.94 
23238.06 
23238.18 
23238.32 
23238.44 
23238.56 
23238.68 
23238.82 
23238.94 
23239.06 
23239.18 
23239.31 
23239.44 
23239.57 
23239.69 
23239.83 
23239.95 
23240.08 
23240.20 
23240.32 
23240.44 
23240.58 
23240.70 
23240.82 
23240.94 
23241.06 
23241.19 
23241.32 
23241.45 
23241.57 
23241.69 
23241.83 
23241.95 
23242.07 
23242.19 
23242.32 
23242.45 
23242.57 
23242.69 
23242.81 
23242.95 
23243.07 
23243.20 
23243.32 
23243.45 
23243.57 
23243.69 
23243.83 
23243.95 
23244.08 
23244.20 
23244.33 
23244.46 
23244.58 
23244.72 
23244.84 
23244.96 
23245.09 
23245.22 
23245.34 
23245.46 
23245.59 
23245.72 
23245.84 
23245.96 
23246.08 
23246.20 
23246.32 
23246.46 
23246.58 
23246.70 
23246.82 
23246.94 
23247.08 
23247.20 
23247.33 
23247.46 
23247.58 
23247.71 
23247.83 
23247.96 
23248.09 
23248.22 
23248.35 
23248.47 
23248.59 
23248.71 
23248.85 
23248.97 
23249.10 
23249.22 
23249.35 
23249.48 
23249.61 
23249.74 
23249.87 
23250.01 
23250.13 
23250.26 
23250.38 
23250.51 
23250.64 
23250.76 
23250.89 
23251.02 
23251.13 
23251.26 
23251.39 
23251.51 
23251.63 
23251.75 
23251.89 
23252.01 
23252.13 
23252.25 
23252.39 
23252.51 
23252.63 
23252.76 
23252.88 
23252.99 
23253.12 
23253.24 
23253.36 
23253.48 
23253.60 
23253.74 
23253.86 
23253.98 
23254.10 
23254.23 
23254.36 
23254.49 
23254.61 
23254.75 
23254.87 
23255.01 
23255.13 
23255.25 
23255.37 
23255.50 
23255.61 
23255.73 
23255.86 
23255.98 
23256.10 
23256.23 
23256.35 
23256.48 
23256.60 
23256.72 
23256.84 
23256.97 
23257.09 
23257.21 
23257.33 
23257.45 
23257.58 
23257.70 
23257.81 
23257.94 
23258.07 
23258.18 
23258.31 
23258.43 
23258.56 
23258.68 
23258.81 
23258.94 
23259.07 
23259.18 
23259.31 
23259.43 
23259.56 
23259.69 
23259.81 
23259.94 
23260.06 
23260.19 
23260.31 
23260.43 
23260.57 
23260.69 
23260.80 
23260.92 
23261.05 
23261.17 
23261.29 
23261.41 
23261.54 
23261.66 
23261.79 
23261.90 
23262.03 
23262.15 
23262.28 
23262.41 
23262.53 
23262.66 
23262.78 
23262.89 
23263.02 
23263.15 
23263.27 
23263.39 
23263.53 
23263.65 
23263.78 
23263.89 
23264.01 
23264.13 
23264.26 
23264.38 
23264.49 
23264.61 
23264.73 
23264.85 
23264.97 
23265.09 
23265.21 
23265.33 
23265.45 
23265.58 
23265.70 
23265.82 
23265.94 
23266.06 
23266.18 
23266.30 
23266.42 
23266.54 
23266.67 
23266.80 
23266.92 
23267.05 
23267.17 
23267.30 
23267.41 
23267.54 
23267.67 
23267.79 
23267.91 
23268.03 
23268.15 
23268.28 
23268.40 
23268.54 
23268.66 
23268.79 
23268.90 
23269.04 
23269.16 
23269.29 
23269.41 
23269.54 
23269.66 
23269.79 
23269.90 
23270.02 
23270.14 
23270.26 
23270.38 
23270.50 
23270.62 
23270.74 
23270.86 
23270.98 
23271.10 
23271.22 
23271.35 
23271.47 
23271.59 
23271.72 
23271.84 
23271.97 
23272.09 
23272.21 
23272.34 
23272.46 
23272.59 
23272.71 
23272.84 
23272.96 
23273.08 
23273.20 
23273.32 
23273.44 
23273.56 
23273.68 
23273.80 
23273.92 
23274.04 
23274.17 
23274.29 
23274.42 
23274.54 
23274.67 
23274.79 
23274.91 
23275.03 
23275.15 
23275.27 
23275.39 
23275.51 
23275.63 
23275.76 
23275.88 
23276.00 
23276.12 
23276.24 
23276.36 
23276.49 
23276.61 
23276.73 
23276.85 
23276.98 
23277.10 
23277.22 
23277.34 
23277.47 
23277.60 
23277.72 
23277.84 
23277.97 
23278.09 
23278.20 
23278.33 
23278.46 
23278.58 
23278.70 
23278.82 
23278.94 
23279.06 
23279.19 
23279.31 
23279.44 
23279.56 
23279.69 
23279.81 
23279.93 
23280.06 
23280.18 
23280.29 
23280.42 
23280.54 
23280.66 
23280.78 
23280.91 
23281.03 
23281.15 
23281.27 
23281.40 
23281.52 
23281.66 
23281.78 
23281.90 
23282.02 
23282.14 
23282.28 
23282.40 
23282.52 
23282.65 
23282.78 
23282.90 
23283.02 
23283.14 
23283.28 
23283.40 
23283.52 
23283.64 
23283.78 
23283.89 
23284.01 
23284.14 
23284.26 
23284.38 
23284.50 
23284.63 
23284.75 
23284.88 
23285.00 
23285.13 
23285.25 
23285.38 
23285.50 
23285.62 
23285.75 
23285.88 
23286.00 
23286.12 
23286.25 
23286.37 
23286.50 
23286.62 
23286.74 
23286.86 
23286.98 
23287.10 
23287.22 
23287.34 
23287.46 
23287.58 
23287.71 
23287.83 
23287.97 
23288.09 
23288.20 
23288.32 
23288.45 
23288.58 
23288.69 
23288.81 
23288.94 
23289.06 
23289.18 
23289.31 
23289.43 
23289.56 
23289.68 
23289.81 
23289.93 
23290.06 
23290.18 
23290.30 
23290.42 
23290.55 
23290.67 
23290.79 
23290.92 
23291.04 
23291.16 
23291.29 
23291.41 
23291.53 
23291.66 
23291.78 
23291.90 
23292.04 
23292.16 
23292.28 
23292.40 
23292.51 
23292.65 
23292.77 
23292.89 
23293.02 
23293.14 
23293.26 
23293.39 
23293.51 
23293.64 
23293.76 
23293.88 
23294.01 
23294.13 
23294.26 
23294.38 
23294.51 
23294.63 
23294.75 
23294.87 
23294.99 
23295.11 
23295.23 
23295.35 
23295.46 
23295.59 
23295.71 
23295.83 
23295.95 
23296.07 
23296.20 
23296.33 
23296.45 
23296.58 
23296.69 
23296.81 
23296.94 
23297.06 
23297.19 
23297.31 
23297.43 
23297.56 
23297.69 
23297.81 
23297.93 
23298.05 
23298.18 
23298.30 
23298.41 
23298.53 
23298.67 
23298.79 
23298.91 
23299.03 
23299.17 
23299.29 
23299.40 
23299.53 
23299.65 
23299.77 
23299.89 
23300.02 
23300.15 
23300.27 
23300.39 
23300.51 
23300.63 
23300.76 
23300.89 
23301.00 
23301.13 
23301.25 
23301.37 
23301.49 
23301.60 
23301.73 
23301.86 
23301.98 
23302.10 
23302.22 
23302.35 
23302.48 
23302.60 
23302.74 
23302.86 
23302.98 
23303.10 
23303.22 
23303.36 
23303.48 
23303.61 
23303.74 
23303.86 
23303.99 
23304.11 
23304.24 
23304.37 
23304.50 
23304.61 
23304.73 
23304.87 
23304.98 
23305.11 
23305.23 
23305.36 
23305.48 
23305.61 
23305.73 
23305.85 
23305.98 
23306.10 
23306.22 
23306.35 
23306.47 
23306.59 
23306.71 
23306.83 
23306.96 
23307.08 
23307.21 
23307.33 
23307.46 
23307.58 
23307.71 
23307.83 
23307.95 
23308.08 
23308.20 
23308.32 
23308.45 
23308.58 
23308.69 
23308.82 
23308.93 
23309.06 
23309.18 
23309.30 
23309.44 
23309.56 
23309.68 
23309.80 
23309.92 
23310.04 
23310.16 
23310.28 
23310.40 
23310.52 
23310.64 
23310.77 
23310.89 
23311.01 
23311.14 
23311.26 
23311.39 
23311.51 
23311.63 
23311.77 
23311.89 
23312.01 
23312.12 
23312.25 
23312.37 
23312.49 
23312.60 
23312.72 
23312.84 
23312.96 
23313.09 
23313.22 
23313.34 
23313.46 
23313.58 
23313.70 
23313.84 
23313.96 
23314.09 
23314.21 
23314.34 
23314.46 
23314.57 
23314.69 
23314.82 
23314.94 
23315.06 
23315.19 
23315.30 
23315.44 
23315.56 
23315.69 
23315.81 
23315.94 
23316.06 
23316.18 
23316.30 
23316.42 
23316.54 
23316.66 
23316.78 
23316.90 
23317.02 
23317.15 
23317.27 
23317.41 
23317.53 
23317.66 
23317.78 
23317.89 
23318.01 
23318.13 
23318.26 
23318.39 
23318.51 
23318.63 
23318.76 
23318.89 
23319.01 
23319.13 
23319.25 
23319.38 
23319.50 
23319.62 
23319.75 
23319.87 
23320.00 
23320.12 
23320.24 
23320.36 
23320.49 
23320.62 
23320.74 
23320.87 
23320.99 
23321.11 
23321.23 
23321.35 
23321.47 
23321.59 
23321.72 
23321.85 
23321.98 
23322.09 
23322.21 
23322.33 
23322.46 
23322.58 
23322.70 
23322.82 
23322.95 
23323.07 
23323.19 
23323.31 
23323.42 
23323.54 
23323.67 
23323.79 
23323.92 
23324.04 
23324.16 
23324.28 
23324.40 
23324.52 
23324.65 
23324.77 
23324.89 
23325.02 
23325.14 
23325.26 
23325.38 
23325.50 
23325.61 
23325.73 
23325.85 
23325.98 
23326.09 
23326.21 
23326.33 
23326.46 
23326.57 
23326.69 
23326.81 
23326.94 
23327.06 
23327.18 
23327.30 
23327.42 
23327.55 
23327.68 
23327.80 
23327.93 
23328.05 
23328.18 
23328.30 
23328.42 
23328.55 
23328.67 
23328.79 
23328.91 
23329.04 
23329.16 
23329.29 
23329.41 
23329.54 
23329.66 
23329.80 
23329.92 
23330.05 
23330.18 
23330.30 
23330.43 
23330.56 
23330.68 
23330.80 
23330.91 
23331.03 
23331.16 
23331.29 
23331.40 
23331.52 
23331.64 
23331.77 
23331.89 
23332.01 
23332.13 
23332.26 
23332.38 
23332.49 
23332.62 
23332.74 
23332.86 
23332.98 
23333.10 
23333.22 
23333.34 
23333.47 
23333.59 
23333.71 
23333.84 
23333.96 
23334.07 
23334.20 
23334.32 
23334.44 
23334.56 
23334.68 
23334.80 
23334.92 
23335.05 
23335.17 
23335.30 
23335.43 
23335.55 
23335.69 
23335.81 
23335.93 
23336.06 
23336.18 
23336.30 
23336.42 
23336.55 
23336.67 
23336.79 
23336.92 
23337.04 
23337.17 
23337.29 
23337.41 
23337.53 
23337.65 
23337.78 
23337.90 
23338.03 
23338.14 
23338.27 
23338.40 
23338.52 
23338.65 
23338.77 
23338.90 
23339.02 
23339.15 
23339.28 
23339.40 
23339.52 
23339.64 
23339.77 
23339.90 
23340.03 
23340.15 
23340.27 
23340.39 
23340.51 
23340.64 
23340.77 
23340.89 
23341.02 
23341.14 
23341.27 
23341.38 
23341.50 
23341.62 
23341.74 
23341.85 
23341.97 
23342.09 
23342.20 
23342.32 
23342.43 
23342.56 
23342.66 
23342.79 
23342.90 
23343.02 
23343.13 
23343.25 
23343.36 
23343.48 
23343.59 
23343.72 
23343.82 
23343.95 
23344.06 
23344.18 
23344.29 
23344.41 
23344.52 
23344.64 
23344.75 
23344.88 
23344.98 
23345.11 
23345.22 
23345.34 
23345.45 
23345.57 
23345.68 
23345.80 
23345.91 
23346.04 
23346.15 
23346.26 
23346.38 
23346.49 
23346.61 
23346.71 
23346.82 
23346.95 
23347.06 
23347.18 
23347.31 
23347.42 
23347.54 
23347.65 
23347.77 
23347.88 
23348.00 
23348.11 
23348.24 
23348.34 
23348.47 
23348.58 
23348.70 
23348.81 
23348.94 
23349.04 
23349.15 
23349.28 
23349.38 
23349.51 
23349.62 
23349.74 
23349.85 
23349.97 
23350.08 
23350.20 
23350.31 
23350.42 
23350.54 
23350.65 
23350.77 
23350.88 
23351.00 
23351.11 
23351.22 
23351.34 
23351.45 
23351.57 
23351.68 
23351.80 
23351.91 
23352.04 
23352.14 
23352.27 
23352.38 
23352.50 
23352.61 
23352.72 
23352.84 
23352.95 
23353.05 
23353.18 
23353.29 
23353.41 
23353.53 
23353.64 
23353.75 
23353.88 
23353.98 
23354.11 
23354.22 
23354.34 
23354.45 
23354.57 
23354.68 
23354.78 
23354.91 
23355.02 
23355.15 
23355.25 
23355.38 
23355.49 
23355.60 
23355.71 
23355.83 
23355.94 
23356.05 
23356.17 
23356.28 
23356.41 
23356.52 
23356.62 
23356.75 
23356.86 
23356.98 
23357.09 
23357.21 
23357.32 
23357.44 
23357.55 
23357.66 
23357.79 
23357.90 
23358.01 
23358.13 
23358.24 
23358.36 
23358.47 
23358.60 
23358.70 
23358.83 
23358.94 
23359.06 
23359.17 
23359.28 
23359.40 
23359.51 
23359.64 
23359.74 
23359.87 
23359.98 
23360.10 
23360.21 
23360.33 
23360.44 
23360.56 
23360.67 
23360.80 
23360.90 
23361.03 
23361.14 
23361.26 
23361.37 
23361.49 
23361.60 
23361.73 
23361.83 
23361.96 
23362.07 
23362.17 
23362.30 
23362.41 
23362.53 
23362.64 
23362.76 
23362.87 
23363.00 
23363.11 
23363.21 
23363.32 
23363.43 
23363.54 
23363.67 
23363.78 
23363.90 
23364.01 
23364.14 
23364.24 
23364.35 
23364.48 
23364.58 
23364.71 
23364.82 
23364.93 
23365.05 
23365.17 
23365.28 
23365.40 
23365.51 
23365.62 
23365.74 
23365.85 
23365.97 
23366.08 
23366.20 
23366.31 
23366.44 
23366.54 
23366.67 
23366.78 
23366.89 
23367.00 
23367.11 
23367.24 
23367.34 
23367.47 
23367.58 
23367.70 
23367.81 
23367.93 
23368.04 
23368.16 
23368.27 
23368.40 
23368.50 
23368.63 
23368.74 
23368.85 
23368.97 
23369.08 
23369.20 
23369.31 
23369.44 
23369.55 
23369.65 
23369.78 
23369.89 
23370.01 
23370.12 
23370.22 
23370.35 
23370.46 
23370.58 
23370.69 
23370.81 
23370.92 
23371.04 
23371.15 
23371.27 
23371.38 
23371.49 
23371.61 
23371.72 
23371.82 
23371.95 
23372.06 
23372.18 
23372.29 
23372.41 
23372.52 
23372.63 
23372.75 
23372.86 
23372.97 
23373.09 
23373.20 
23373.32 
23373.43 
23373.56 
23373.66 
23373.79 
23373.90 
23374.01 
23374.13 
23374.24 
23374.36 
23374.47 
23374.60 
23374.70 
23374.83 
23374.94 
23375.05 
23375.17 
23375.28 
23375.40 
23375.51 
23375.64 
23375.74 
23375.87 
23375.98 
23376.10 
23376.21 
23376.34 
23376.44 
23376.55 
23376.68 
23376.78 
23376.91 
23377.02 
23377.14 
23377.25 
23377.37 
23377.48 
23377.61 
23377.71 
23377.82 
23377.95 
23378.06 
23378.18 
23378.29 
23378.41 
23378.52 
23378.64 
23378.75 
23378.88 
23378.98 
23379.11 
23379.21 
23379.34 
23379.45 
23379.57 
23379.68 
23379.80 
23379.91 
23380.04 
23380.14 
23380.27 
23380.37 
23380.48 
23380.60 
23380.71 
23380.84 
23380.94 
23381.07 
23381.18 
23381.30 
23381.41 
23381.53 
23381.64 
23381.76 
23381.87 
23382.00 
23382.10 
23382.23 
23382.34 
23382.45 
23382.57 
23382.68 
23382.80 
23382.91 
23383.04 
23383.14 
23383.27 
23383.38 
23383.50 
23383.61 
23383.72 
23383.84 
23383.95 
23384.08 
23384.19 
23384.31 
23384.42 
23384.54 
23384.65 
23384.77 
23384.88 
23385.00 
23385.11 
23385.24 
23385.35 
23385.46 
23385.58 
23385.69 
23385.81 
23385.92 
23386.03 
23386.14 
23386.26 
23386.37 
23386.49 
23386.60 
23386.72 
23386.83 
23386.96 
23387.08 
23387.19 
23387.31 
23387.44 
23387.57 
23387.69 
23387.82 
23387.94 
23388.05 
23388.18 
23388.29 
23388.41 
23388.53 
23388.66 
23388.79 
23388.91 
23389.03 
23389.15 
23389.27 
23389.39 
23389.51 
23389.63 
23389.75 
23389.87 
23390.00 
23390.12 
23390.24 
23390.36 
23390.48 
23390.60 
23390.73 
23390.85 
23390.97 
23391.10 
23391.22 
23391.35 
23391.47 
23391.59 
23391.71 
23391.83 
23391.96 
23392.09 
23392.21 
23392.33 
23392.45 
23392.58 
23392.70 
23392.83 
23392.96 
23393.08 
23393.20 
23393.32 
23393.44 
23393.56 
23393.69 
23393.81 
23393.94 
23394.06 
23394.18 
23394.30 
23394.42 
23394.56 
23394.68 
23394.81 
23394.94 
23395.06 
23395.19 
23395.30 
23395.43 
23395.55 
23395.68 
23395.80 
23395.93 
23396.05 
23396.17 
23396.29 
23396.42 
23396.53 
23396.65 
23396.78 
23396.90 
23397.03 
23397.15 
23397.28 
23397.41 
23397.53 
23397.65 
23397.77 
23397.90 
23398.02 
23398.16 
23398.28 
23398.40 
23398.52 
23398.64 
23398.77 
23398.89 
23399.01 
23399.14 
23399.26 
23399.39 
23399.50 
23399.62 
23399.74 
23399.87 
23399.99 
23400.13 
23400.25 
23400.37 
23400.49 
23400.60 
23400.72 
23400.85 
23400.98 
23401.10 
23401.22 
23401.36 
23401.48 
23401.60 
23401.71 
23401.83 
23401.96 
23402.08 
23402.20 
23402.33 
23402.45 
23402.57 
23402.69 
23402.81 
23402.94 
23403.07 
23403.18 
23403.31 
23403.43 
23403.57 
23403.69 
23403.82 
23403.94 
23404.06 
23404.18 
23404.32 
23404.44 
23404.57 
23404.69 
23404.81 
23404.93 
23405.06 
23405.18 
23405.30 
23405.42 
23405.55 
23405.67 
23405.79 
23405.93 
23406.05 
23406.16 
23406.29 
23406.40 
23406.53 
23406.65 
23406.77 
23406.89 
23407.00 
23407.13 
23407.25 
23407.36 
23407.48 
23407.59 
23407.72 
23407.83 
23407.95 
23408.07 
23408.19 
23408.31 
23408.43 
23408.55 
23408.67 
23408.79 
23408.92 
23409.04 
23409.15 
23409.28 
23409.40 
23409.53 
23409.65 
23409.77 
23409.89 
23410.01 
23410.14 
23410.26 
23410.39 
23410.51 
23410.63 
23410.75 
23410.87 
23411.00 
23411.12 
23411.24 
23411.36 
23411.49 
23411.61 
23411.73 
23411.86 
23411.98 
23412.10 
23412.22 
23412.35 
23412.47 
23412.60 
23412.72 
23412.83 
23412.96 
23413.08 
23413.20 
23413.33 
23413.45 
23413.58 
23413.71 
23413.84 
23413.96 
23414.08 
23414.21 
23414.33 
23414.45 
23414.57 
23414.69 
23414.81 
23414.93 
23415.05 
23415.17 
23415.29 
23415.41 
23415.53 
23415.65 
23415.77 
23415.91 
23416.03 
23416.16 
23416.28 
23416.42 
23416.55 
23416.67 
23416.79 
23416.92 
23417.05 
23417.17 
23417.29 
23417.41 
23417.53 
23417.65 
23417.77 
23417.90 
23418.02 
23418.15 
23418.27 
23418.39 
23418.51 
23418.63 
23418.75 
23418.88 
23419.00 
23419.13 
23419.25 
23419.37 
23419.50 
23419.62 
23419.74 
23419.86 
23419.98 
23420.10 
23420.22 
23420.35 
23420.48 
23420.59 
23420.72 
23420.83 
23420.96 
23421.08 
23421.21 
23421.33 
23421.45 
23421.58 
23421.70 
23421.82 
23421.95 
23422.07 
23422.19 
23422.32 
23422.45 
23422.57 
23422.69 
23422.81 
23422.95 
23423.08 
23423.20 
23423.33 
23423.45 
23423.57 
23423.69 
23423.81 
23423.93 
23424.06 
23424.19 
23424.31 
23424.44 
23424.57 
23424.70 
23424.82 
23424.95 
23425.08 
23425.19 
23425.32 
23425.44 
23425.56 
23425.69 
23425.81 
23425.93 
23426.07 
23426.19 
23426.31 
23426.43 
23426.55 
23426.67 
23426.79 
23426.91 
23427.03 
23427.15 
23427.28 
23427.40 
23427.52 
23427.64 
23427.78 
23427.90 
23428.03 
23428.16 
23428.28 
23428.40 
23428.52 
23428.64 
23428.76 
23428.88 
23429.00 
23429.12 
23429.24 
23429.36 
23429.50 
23429.62 
23429.74 
23429.86 
23429.98 
23430.11 
23430.23 
23430.35 
23430.48 
23430.60 
23430.72 
23430.85 
23430.97 
23431.10 
23431.24 
23431.38 
23431.50 
23431.62 
23431.75 
23431.87 
23431.99 
23432.12 
23432.24 
23432.36 
23432.49 
23432.62 
23432.74 
23432.86 
23433.00 
23433.12 
23433.24 
23433.36 
23433.48 
23433.61 
23433.74 
23433.86 
23433.97 
23434.10 
23434.22 
23434.34 
23434.46 
23434.58 
23434.70 
23434.82 
23434.94 
23435.06 
23435.18 
23435.31 
23435.44 
23435.56 
23435.68 
23435.80 
23435.92 
23436.04 
23436.17 
23436.30 
23436.43 
23436.57 
23436.69 
23436.81 
23436.93 
23437.07 
23437.19 
23437.31 
23437.43 
23437.55 
23437.67 
23437.81 
23437.93 
23438.05 
23438.17 
23438.31 
23438.43 
23438.55 
23438.67 
23438.80 
23438.93 
23439.06 
23439.18 
23439.30 
23439.42 
23439.55 
23439.67 
23439.80 
23439.93 
23440.06 
23440.18 
23440.31 
23440.44 
23440.55 
23440.68 
23440.81 
23440.94 
23441.06 
23441.18 
23441.31 
23441.44 
23441.56 
23441.68 
23441.80 
23441.93 
23442.06 
23442.18 
23442.29 
23442.41 
23442.54 
23442.67 
23442.80 
23442.93 
23443.05 
23443.18 
23443.30 
23443.43 
23443.55 
23443.68 
23443.80 
23443.92 
23444.05 
23444.18 
23444.30 
23444.42 
23444.54 
23444.66 
23444.78 
23444.90 
23445.02 
23445.15 
23445.27 
23445.40 
23445.53 
23445.65 
23445.78 
23445.90 
23446.02 
23446.16 
23446.28 
23446.41 
23446.54 
23446.68 
23446.80 
23446.92 
23447.05 
23447.18 
23447.30 
23447.42 
23447.55 
23447.68 
23447.80 
23447.93 
23448.05 
23448.17 
23448.31 
23448.43 
23448.55 
23448.67 
23448.79 
23448.91 
23449.03 
23449.15 
23449.27 
23449.41 
23449.53 
23449.65 
23449.77 
23449.90 
23450.02 
23450.14 
23450.26 
23450.40 
23450.52 
23450.64 
23450.76 
23450.88 
23451.01 
23451.13 
23451.26 
23451.38 
23451.51 
23451.64 
23451.76 
23451.88 
23452.00 
23452.12 
23452.25 
23452.37 
23452.50 
23452.63 
23452.75 
23452.87 
23453.00 
23453.12 
23453.24 
23453.36 
23453.49 
23453.61 
23453.73 
23453.86 
23453.98 
23454.11 
23454.23 
23454.36 
23454.48 
23454.59 
23454.71 
23454.83 
23454.95 
23455.08 
23455.21 
23455.33 
23455.44 
23455.57 
23455.68 
23455.81 
23455.92 
23456.05 
23456.17 
23456.29 
23456.41 
23456.53 
23456.64 
23456.76 
23456.88 
23457.00 
23457.12 
23457.24 
23457.35 
23457.48 
23457.60 
23457.73 
23457.85 
23457.98 
23458.10 
23458.22 
23458.34 
23458.46 
23458.58 
23458.71 
23458.83 
23458.96 
23459.08 
23459.20 
23459.33 
23459.45 
23459.58 
23459.70 
23459.82 
23459.95 
23460.07 
23460.20 
23460.32 
23460.44 
23460.56 
23460.68 
23460.81 
23460.93 
23461.06 
23461.17 
23461.29 
23461.42 
23461.54 
23461.66 
23461.78 
23461.90 
23462.01 
23462.14 
23462.26 
23462.38 
23462.50 
23462.62 
23462.74 
23462.87 
23463.00 
23463.12 
23463.25 
23463.37 
23463.50 
23463.61 
23463.74 
23463.86 
23463.98 
23464.10 
23464.22 
23464.35 
23464.46 
23464.59 
23464.71 
23464.84 
23464.96 
23465.09 
23465.21 
23465.33 
23465.45 
23465.57 
23465.69 
23465.81 
23465.93 
23466.04 
23466.16 
23466.28 
23466.41 
23466.53 
23466.65 
23466.77 
23466.89 
23467.01 
23467.14 
23467.25 
23467.38 
23467.49 
23467.62 
23467.73 
23467.86 
23467.99 
23468.10 
23468.23 
23468.37 
23468.49 
23468.62 
23468.74 
23468.87 
23468.99 
23469.11 
23469.23 
23469.35 
23469.48 
23469.60 
23469.73 
23469.85 
23469.98 
23470.10 
23470.23 
23470.35 
23470.48 
23470.60 
23470.73 
23470.85 
23470.98 
23471.10 
23471.22 
23471.34 
23471.47 
23471.59 
23471.73 
23471.85 
23471.98 
23472.10 
23472.23 
23472.36 
23472.48 
23472.60 
23472.72 
23472.85 
23472.97 
23473.09 
