# up 
276417.11 
276417.23 
276417.48 
276417.60 
276417.73 
276417.85 
276417.99 
276418.10 
276418.24 
276418.36 
276418.49 
276418.63 
276418.77 
276418.89 
276419.01 
276419.14 
276419.27 
276419.39 
276419.52 
276419.64 
276419.77 
276419.90 
276420.02 
276420.15 
276420.28 
276420.40 
276420.53 
276420.65 
276420.78 
276420.91 
276421.04 
276421.17 
276421.30 
276421.43 
276421.55 
276421.68 
276421.81 
276421.94 
276422.07 
276422.19 
276422.32 
276422.45 
276422.57 
276422.70 
276422.83 
276422.96 
276423.09 
276423.22 
276423.34 
276423.47 
276423.62 
276423.75 
276423.87 
276424.00 
276424.13 
276424.26 
276424.39 
276424.52 
276424.66 
276424.79 
276424.92 
276425.04 
276425.17 
276425.29 
276425.42 
276425.54 
276425.67 
276425.80 
276425.92 
276426.05 
276426.18 
276426.31 
276426.44 
276426.57 
276426.69 
276426.82 
276426.95 
276427.07 
276427.20 
276427.32 
276427.45 
276427.57 
276427.70 
276427.83 
276427.95 
276428.08 
276428.21 
276428.34 
276428.47 
276428.59 
276428.72 
276428.85 
276428.97 
276429.10 
276429.23 
276429.35 
276429.48 
276429.61 
276429.73 
276429.86 
276429.99 
276430.12 
276430.24 
276430.39 
276430.51 
276430.64 
276430.77 
276430.91 
276431.03 
276431.16 
276431.29 
276431.42 
276431.54 
276431.67 
276431.80 
276431.93 
276432.05 
276432.18 
276432.31 
276432.44 
276432.56 
276432.69 
276432.82 
276432.94 
276433.06 
276433.19 
276433.32 
276433.44 
276433.57 
276433.70 
276433.83 
276433.96 
276434.09 
276434.22 
276434.34 
276434.47 
276434.60 
276434.73 
276434.86 
276434.99 
276435.12 
276435.26 
276435.39 
276435.52 
276435.65 
276435.77 
276435.90 
276436.03 
276436.15 
276436.28 
276436.41 
276436.54 
276436.66 
276436.79 
276436.92 
276437.05 
276437.17 
276437.30 
276437.43 
276437.56 
276437.68 
276437.81 
276437.94 
276438.07 
276438.19 
276438.32 
276438.45 
276438.58 
276438.70 
276438.83 
276438.96 
276439.09 
276439.22 
276439.35 
276439.47 
276439.60 
276439.73 
276439.86 
276439.99 
276440.11 
276440.24 
276440.36 
276440.49 
276440.61 
276440.74 
276440.87 
276441.00 
276441.13 
276441.25 
276441.38 
276441.51 
276441.64 
276441.77 
276441.89 
276442.02 
276442.15 
276442.28 
276442.41 
276442.54 
276442.66 
276442.79 
276442.92 
276443.04 
276443.17 
276443.30 
276443.43 
276443.56 
276443.69 
276443.82 
276443.94 
276444.07 
276444.20 
276444.33 
276444.45 
276444.58 
276444.71 
276444.84 
276444.97 
276445.10 
276445.23 
276445.35 
276445.48 
276445.61 
276445.73 
276445.86 
276445.99 
276446.12 
276446.25 
276446.37 
276446.50 
276446.63 
276446.76 
276446.89 
276447.02 
276447.14 
276447.27 
276447.40 
276447.53 
276447.65 
276447.78 
276447.90 
276448.03 
276448.16 
276448.29 
276448.42 
276448.55 
276448.68 
276448.80 
276448.93 
276449.06 
276449.19 
276449.32 
276449.44 
276449.57 
276449.70 
276449.82 
276449.96 
276450.08 
276450.20 
276450.31 
276450.44 
276450.56 
276450.69 
276450.82 
276450.95 
276451.08 
276451.21 
276451.34 
276451.46 
276451.59 
276451.72 
276451.85 
276451.97 
276452.10 
276452.23 
276452.36 
276452.49 
276452.62 
276452.74 
276452.87 
276453.00 
276453.13 
276453.25 
276453.38 
276453.51 
276453.64 
276453.77 
276453.89 
276454.02 
276454.14 
276454.27 
276454.40 
276454.52 
276454.65 
276454.77 
276454.90 
276455.03 
276455.16 
276455.28 
276455.43 
276455.56 
276455.69 
276455.81 
276455.94 
276456.07 
276456.20 
276456.33 
276456.45 
276456.58 
276456.71 
276456.84 
276456.97 
276457.09 
276457.23 
276457.36 
276457.49 
276457.62 
276457.74 
276457.87 
276458.00 
276458.13 
276458.26 
276458.39 
276458.51 
276458.64 
276458.76 
276458.90 
276459.03 
276459.15 
276459.28 
276459.41 
276459.54 
276459.67 
276459.80 
276459.93 
276460.05 
276460.18 
276460.31 
276460.43 
276460.56 
276460.71 
276460.84 
276460.97 
276461.10 
276461.22 
276461.35 
276461.48 
276461.61 
276461.74 
276461.86 
276461.99 
276462.12 
276462.25 
276462.37 
276462.52 
276462.64 
276462.77 
276462.90 
276463.02 
276463.15 
276463.28 
276463.41 
276463.54 
276463.66 
276463.79 
276463.91 
276464.04 
276464.16 
276464.29 
276464.41 
276464.54 
276464.67 
276464.80 
276464.93 
276465.06 
276465.19 
276465.32 
276465.44 
276465.56 
276465.68 
276465.80 
276465.93 
276466.05 
276466.18 
276466.31 
276466.44 
276466.57 
276466.69 
276466.82 
276466.95 
276467.08 
276467.21 
276467.33 
276467.46 
276467.59 
276467.71 
276467.84 
276467.96 
276468.09 
276468.22 
276468.35 
276468.48 
276468.61 
276468.74 
276468.86 
276468.99 
276469.12 
276469.24 
276469.37 
276469.49 
276469.62 
276469.75 
276469.88 
276470.01 
276470.14 
276470.26 
276470.39 
276470.52 
276470.64 
276470.77 
276470.90 
276471.03 
276471.16 
276471.29 
276471.41 
276471.54 
276471.67 
276471.80 
276471.93 
276472.05 
276472.18 
276472.31 
276472.43 
276472.56 
276472.69 
276472.81 
276472.94 
276473.06 
276473.19 
276473.32 
276473.45 
276473.57 
276473.70 
276473.83 
276473.98 
276474.10 
276474.23 
276474.36 
276474.49 
276474.61 
276474.74 
276474.86 
276474.99 
276475.12 
276475.25 
276475.38 
276475.51 
276475.63 
276475.76 
276475.89 
276476.02 
276476.15 
276476.27 
276476.40 
276476.53 
276476.65 
276476.78 
276476.91 
276477.04 
276477.16 
276477.29 
276477.42 
276477.54 
276477.67 
276477.80 
276477.92 
276478.05 
276478.18 
276478.30 
276478.43 
276478.55 
276478.68 
276478.81 
276478.93 
276479.06 
276479.19 
276479.32 
276479.45 
276479.57 
276479.70 
276479.83 
276479.95 
276480.08 
276480.21 
276480.34 
276480.46 
276480.59 
276480.72 
276480.85 
276480.97 
276481.10 
276481.23 
276481.36 
276481.48 
276481.61 
276481.74 
276481.86 
276481.99 
276482.12 
276482.26 
276482.38 
276482.51 
276482.63 
276482.76 
276482.89 
276483.02 
276483.14 
276483.27 
276483.40 
276483.53 
276483.65 
276483.78 
276483.91 
276484.03 
276484.16 
276484.28 
276484.41 
276484.54 
276484.67 
276484.79 
276484.91 
276485.04 
276485.16 
276485.29 
276485.41 
276485.54 
276485.66 
276485.79 
276485.92 
276486.05 
276486.18 
276486.30 
276486.43 
276486.56 
276486.69 
276486.83 
276486.96 
276487.09 
276487.22 
276487.35 
276487.47 
276487.60 
276487.72 
276487.87 
276487.99 
276488.12 
276488.25 
276488.37 
276488.50 
276488.63 
276488.75 
276488.88 
276489.01 
276489.13 
276489.26 
276489.39 
276489.52 
276489.64 
276489.76 
276489.89 
276490.02 
276490.15 
276490.29 
276490.42 
276490.55 
276490.67 
276490.80 
276490.93 
276491.06 
276491.19 
276491.32 
276491.45 
276491.58 
276491.70 
276491.83 
276491.96 
276492.08 
276492.21 
276492.34 
276492.47 
276492.60 
276492.73 
276492.85 
276492.98 
276493.11 
276493.24 
276493.36 
276493.49 
276493.62 
276493.75 
276493.87 
276494.00 
276494.13 
276494.26 
276494.39 
276494.52 
276494.65 
276494.77 
276494.90 
276495.03 
276495.16 
276495.30 
276495.43 
276495.56 
276495.69 
276495.81 
276495.94 
276496.07 
276496.20 
276496.32 
276496.44 
276496.56 
276496.68 
276496.81 
276496.94 
276497.07 
276497.20 
276497.32 
276497.45 
276497.58 
276497.72 
276497.84 
276497.97 
276498.10 
276498.23 
276498.36 
276498.48 
276498.61 
276498.74 
276498.87 
276498.99 
276499.12 
276499.24 
276499.37 
276499.49 
276499.62 
276499.75 
276499.88 
276500.01 
276500.13 
276500.26 
276500.39 
276500.52 
276500.65 
276500.77 
276500.90 
276501.03 
276501.16 
276501.30 
276501.43 
276501.56 
276501.68 
276501.81 
276501.94 
276502.06 
276502.18 
276502.31 
276502.44 
276502.57 
276502.70 
276502.82 
276502.95 
276503.08 
276503.21 
276503.34 
276503.46 
276503.59 
276503.72 
276503.85 
276503.98 
276504.10 
276504.23 
276504.36 
276504.48 
276504.62 
276504.74 
276504.87 
276505.00 
276505.13 
276505.26 
276505.38 
276505.52 
276505.64 
276505.77 
276505.90 
276506.02 
276506.15 
276506.28 
276506.40 
276506.53 
276506.66 
276506.78 
276506.91 
276507.04 
276507.17 
276507.29 
276507.42 
276507.55 
276507.67 
276507.80 
276507.92 
276508.05 
276508.17 
276508.30 
276508.42 
276508.55 
276508.68 
276508.81 
276508.93 
276509.06 
276509.19 
276509.32 
276509.45 
276509.58 
276509.70 
276509.83 
276509.96 
276510.09 
276510.22 
276510.34 
276510.47 
276510.60 
276510.73 
276510.86 
276510.98 
276511.11 
276511.24 
276511.37 
276511.50 
276511.62 
276511.75 
276511.87 
276511.99 
276512.10 
276512.23 
276512.36 
276512.49 
276512.61 
276512.74 
276512.86 
276512.99 
276513.11 
276513.24 
276513.37 
276513.49 
276513.62 
276513.75 
276513.88 
276514.00 
276514.13 
276514.25 
276514.38 
276514.51 
276514.63 
276514.76 
276514.89 
276515.02 
276515.14 
276515.27 
276515.40 
276515.53 
276515.65 
276515.78 
276515.91 
276516.04 
276516.17 
276516.29 
276516.42 
276516.55 
276516.68 
276516.81 
276516.94 
276517.06 
276517.19 
276517.32 
276517.44 
276517.57 
276517.70 
276517.83 
276517.96 
276518.09 
276518.22 
276518.34 
276518.47 
276518.60 
276518.73 
276518.85 
276518.98 
276519.11 
276519.24 
276519.37 
276519.49 
276519.63 
276519.75 
276519.88 
276520.01 
276520.13 
276520.26 
276520.39 
276520.53 
276520.65 
276520.77 
276520.91 
276521.03 
276521.16 
276521.28 
276521.41 
276521.54 
276521.67 
276521.80 
276521.92 
276522.05 
276522.18 
276522.30 
276522.42 
276522.55 
276522.68 
276522.80 
276522.93 
276523.07 
276523.20 
276523.33 
276523.46 
276523.59 
276523.72 
276523.84 
276523.97 
276524.10 
276524.23 
276524.36 
276524.49 
276524.61 
276524.74 
276524.87 
276524.99 
276525.12 
276525.25 
276525.38 
276525.51 
276525.63 
276525.76 
276525.89 
276526.02 
276526.14 
276526.27 
276526.39 
276526.52 
276526.65 
276526.77 
276526.90 
276527.03 
276527.16 
276527.28 
276527.40 
276527.54 
276527.67 
276527.80 
276527.94 
276528.07 
276528.20 
276528.32 
276528.45 
276528.58 
276528.71 
276528.84 
276528.96 
276529.09 
276529.21 
276529.34 
276529.47 
276529.60 
276529.73 
276529.86 
276529.98 
276530.11 
276530.24 
276530.36 
276530.49 
276530.62 
276530.75 
276530.88 
276531.00 
276531.14 
276531.27 
276531.40 
276531.52 
276531.65 
276531.78 
276531.91 
276532.04 
276532.16 
276532.30 
276532.42 
276532.55 
276532.68 
276532.81 
276532.93 
276533.06 
276533.19 
276533.32 
276533.45 
276533.57 
276533.70 
276533.83 
276533.96 
276534.09 
276534.22 
276534.34 
276534.47 
276534.60 
276534.72 
276534.85 
276534.98 
276535.11 
276535.23 
276535.36 
276535.49 
276535.62 
276535.75 
276535.87 
276536.00 
276536.13 
276536.25 
276536.38 
276536.50 
276536.63 
276536.77 
276536.90 
276537.03 
276537.16 
276537.28 
276537.42 
276537.54 
276537.67 
276537.80 
276537.93 
276538.05 
276538.18 
276538.31 
276538.44 
276538.56 
276538.69 
276538.82 
276538.95 
276539.08 
276539.21 
276539.34 
276539.46 
276539.59 
276539.72 
276539.85 
276539.98 
276540.10 
276540.23 
276540.36 
276540.49 
276540.62 
276540.74 
276540.87 
276541.00 
276541.13 
276541.26 
276541.39 
276541.51 
276541.64 
276541.77 
276541.90 
276542.02 
276542.15 
276542.28 
276542.41 
276542.53 
276542.68 
276542.81 
276542.93 
276543.05 
276543.17 
276543.30 
276543.43 
276543.56 
276543.69 
276543.81 
276543.94 
276544.07 
276544.19 
276544.32 
276544.45 
276544.58 
276544.70 
276544.83 
276544.95 
276545.08 
276545.21 
276545.33 
276545.46 
276545.59 
276545.72 
276545.84 
276545.97 
276546.10 
276546.23 
276546.36 
276546.49 
276546.61 
276546.74 
276546.87 
276547.00 
276547.13 
276547.25 
276547.37 
276547.50 
276547.63 
276547.76 
276547.88 
276548.01 
276548.14 
276548.27 
276548.40 
276548.53 
276548.66 
276548.79 
276548.92 
276549.04 
276549.17 
276549.31 
276549.44 
276549.57 
276549.70 
276549.83 
276549.95 
276550.08 
276550.21 
276550.34 
276550.46 
276550.59 
276550.72 
276550.85 
276550.99 
276551.12 
276551.25 
276551.39 
276551.52 
276551.65 
276551.77 
276551.91 
276552.04 
276552.16 
276552.29 
276552.42 
276552.55 
276552.68 
276552.81 
276552.93 
276553.06 
276553.21 
276553.34 
276553.46 
276553.59 
276553.72 
276553.85 
276553.97 
276554.10 
276554.23 
276554.36 
276554.49 
276554.62 
276554.74 
276554.87 
276555.00 
276555.13 
276555.25 
276555.38 
276555.51 
276555.64 
276555.77 
276555.91 
276556.04 
276556.17 
276556.29 
276556.42 
276556.55 
276556.68 
276556.80 
276556.93 
276557.06 
276557.19 
276557.31 
276557.44 
276557.57 
276557.69 
276557.81 
276557.94 
276558.07 
276558.19 
276558.31 
276558.44 
276558.56 
276558.68 
276558.81 
276558.94 
276559.06 
276559.19 
276559.32 
276559.45 
276559.57 
276559.70 
276559.83 
276559.96 
276560.09 
276560.22 
276560.34 
276560.47 
276560.60 
276560.73 
276560.86 
276560.98 
276561.11 
276561.24 
276561.37 
276561.49 
276561.62 
276561.75 
276561.88 
276562.01 
276562.13 
276562.27 
276562.40 
276562.53 
276562.66 
276562.79 
276562.92 
276563.04 
276563.17 
276563.29 
276563.42 
276563.54 
276563.67 
276563.81 
276563.94 
276564.07 
276564.19 
276564.32 
276564.45 
276564.57 
276564.70 
276564.82 
276564.95 
276565.08 
276565.21 
276565.34 
276565.46 
276565.59 
276565.72 
276565.85 
276565.97 
276566.10 
276566.23 
276566.36 
276566.49 
276566.61 
276566.74 
276566.87 
276567.00 
276567.13 
276567.25 
276567.38 
276567.51 
276567.64 
276567.76 
276567.89 
276568.02 
276568.15 
276568.28 
276568.40 
276568.52 
276568.65 
276568.77 
276568.90 
276569.03 
276569.16 
276569.28 
276569.41 
276569.54 
276569.67 
276569.80 
276569.93 
276570.05 
276570.18 
276570.31 
276570.44 
276570.56 
276570.69 
276570.82 
276570.94 
276571.07 
276571.19 
276571.34 
276571.46 
276571.59 
276571.72 
276571.85 
276571.97 
276572.10 
276572.24 
276572.37 
276572.50 
276572.62 
276572.75 
276572.88 
276573.01 
276573.14 
276573.27 
276573.40 
276573.53 
276573.65 
276573.78 
276573.89 
276574.01 
276574.14 
276574.26 
276574.39 
276574.52 
276574.65 
276574.77 
276574.90 
276575.03 
276575.16 
276575.28 
276575.41 
276575.54 
276575.66 
276575.78 
276575.91 
276576.04 
276576.17 
276576.29 
276576.42 
276576.55 
276576.67 
276576.80 
276576.93 
276577.06 
276577.19 
276577.30 
276577.43 
276577.56 
276577.68 
276577.81 
276577.94 
276578.07 
276578.19 
276578.32 
276578.45 
276578.58 
276578.71 
276578.84 
276578.97 
276579.10 
276579.22 
276579.35 
276579.48 
276579.61 
276579.74 
276579.86 
276579.99 
276580.12 
276580.25 
276580.38 
276580.50 
276580.63 
276580.76 
276580.89 
276581.01 
276581.14 
276581.27 
276581.40 
276581.53 
276581.65 
276581.78 
276581.91 
276582.04 
276582.17 
276582.29 
276582.42 
276582.57 
276582.70 
276582.82 
276582.95 
276583.08 
276583.21 
276583.33 
276583.46 
276583.59 
276583.72 
276583.85 
276583.97 
276584.10 
276584.23 
276584.36 
276584.49 
276584.62 
276584.74 
276584.87 
276585.00 
276585.13 
276585.25 
276585.39 
276585.52 
276585.65 
276585.77 
276585.90 
276586.03 
276586.16 
276586.29 
276586.42 
276586.55 
276586.68 
276586.81 
276586.94 
276587.06 
276587.19 
276587.32 
276587.45 
276587.57 
276587.70 
276587.83 
276587.95 
276588.08 
276588.21 
276588.34 
276588.47 
276588.59 
276588.72 
276588.85 
276588.96 
276589.09 
276589.22 
276589.34 
276589.48 
276589.62 
276589.75 
276589.87 
276590.00 
276590.13 
276590.26 
276590.38 
276590.51 
276590.64 
276590.77 
276590.90 
276591.03 
276591.15 
276591.28 
276591.41 
276591.54 
276591.66 
276591.79 
276591.92 
276592.04 
276592.17 
276592.30 
276592.42 
276592.54 
276592.67 
276592.80 
276592.93 
276593.06 
276593.19 
276593.32 
276593.45 
276593.57 
276593.70 
276593.83 
276593.96 
276594.09 
276594.21 
276594.34 
276594.47 
276594.60 
276594.73 
276594.86 
276594.99 
276595.12 
276595.25 
276595.37 
276595.50 
276595.63 
276595.76 
276595.89 
276596.02 
276596.15 
276596.28 
276596.42 
276596.54 
276596.67 
276596.80 
276596.93 
276597.05 
276597.18 
276597.31 
276597.44 
276597.56 
276597.69 
276597.81 
276597.94 
276598.06 
276598.19 
276598.32 
276598.44 
276598.57 
276598.69 
276598.82 
276598.95 
276599.07 
276599.20 
276599.33 
276599.46 
276599.59 
276599.71 
276599.84 
276599.96 
276600.09 
276600.22 
276600.35 
276600.48 
276600.61 
276600.74 
276600.86 
276600.99 
276601.12 
276601.25 
276601.38 
276601.51 
276601.64 
276601.76 
276601.89 
276602.02 
276602.15 
276602.27 
276602.40 
276602.53 
276602.65 
276602.77 
276602.90 
276603.03 
276603.16 
276603.28 
276603.41 
276603.54 
276603.66 
276603.79 
276603.91 
276604.04 
276604.17 
276604.29 
276604.42 
276604.55 
276604.68 
276604.80 
276604.92 
276605.03 
276605.16 
276605.28 
276605.41 
276605.53 
276605.65 
276605.78 
276605.91 
276606.03 
276606.16 
276606.29 
276606.42 
276606.55 
276606.67 
276606.80 
276606.94 
276607.07 
276607.20 
276607.33 
276607.45 
276607.57 
276607.70 
276607.83 
276607.96 
276608.08 
276608.21 
276608.34 
276608.46 
276608.59 
276608.71 
276608.84 
276608.96 
276609.09 
276609.22 
276609.35 
276609.48 
276609.60 
276609.73 
276609.86 
276609.99 
276610.12 
276610.25 
276610.37 
276610.50 
276610.64 
276610.77 
276610.90 
276611.03 
276611.15 
276611.28 
276611.41 
276611.54 
276611.67 
276611.79 
276611.92 
276612.05 
276612.18 
276612.31 
276612.43 
276612.56 
276612.69 
276612.82 
276612.94 
276613.07 
276613.20 
276613.33 
276613.46 
276613.59 
276613.72 
276613.85 
276613.97 
276614.12 
276614.25 
276614.37 
276614.50 
276614.63 
276614.76 
276614.89 
276615.02 
276615.14 
276615.27 
276615.40 
276615.52 
276615.65 
276615.78 
276615.90 
276616.03 
276616.16 
276616.29 
276616.42 
276616.55 
276616.67 
276616.82 
276616.94 
276617.07 
276617.20 
276617.33 
276617.46 
276617.58 
276617.71 
276617.84 
276617.97 
276618.10 
276618.23 
276618.36 
276618.49 
276618.61 
276618.74 
276618.87 
276619.00 
276619.13 
276619.25 
276619.38 
276619.51 
276619.64 
276619.77 
276619.90 
276620.02 
276620.15 
276620.28 
276620.40 
276620.52 
276620.65 
276620.77 
276620.90 
276621.03 
276621.16 
276621.29 
276621.42 
276621.54 
276621.67 
276621.80 
276621.93 
276622.05 
276622.18 
276622.31 
276622.43 
276622.55 
276622.68 
276622.81 
276622.93 
276623.06 
276623.19 
276623.32 
276623.45 
276623.57 
276623.70 
276623.83 
276623.96 
276624.09 
276624.22 
276624.34 
276624.47 
276624.60 
276624.73 
276624.85 
276624.98 
276625.11 
276625.24 
276625.37 
276625.49 
276625.62 
276625.75 
276625.87 
276626.00 
276626.13 
276626.26 
276626.39 
276626.52 
276626.65 
276626.77 
276626.90 
276627.04 
276627.16 
276627.29 
276627.42 
276627.54 
276627.67 
276627.80 
276627.92 
276628.05 
276628.18 
276628.31 
276628.43 
276628.56 
276628.69 
276628.81 
276628.93 
276629.06 
276629.19 
276629.32 
276629.45 
276629.57 
276629.71 
276629.84 
276629.97 
276630.10 
276630.23 
276630.36 
276630.49 
276630.61 
276630.74 
276630.87 
276631.00 
276631.13 
276631.25 
276631.38 
276631.51 
276631.64 
276631.79 
276631.91 
276632.04 
276632.17 
276632.29 
276632.42 
276632.55 
276632.68 
276632.80 
276632.93 
276633.06 
276633.19 
276633.32 
276633.45 
276633.57 
276633.70 
276633.83 
276633.96 
276634.09 
276634.22 
276634.34 
276634.47 
276634.60 
276634.73 
276634.85 
276634.99 
276635.11 
276635.26 
276635.38 
276635.51 
276635.63 
276635.76 
276635.88 
276636.00 
276636.13 
276636.25 
276636.37 
276636.50 
276636.63 
276636.75 
276636.88 
276637.01 
276637.14 
276637.27 
276637.40 
276637.52 
276637.65 
276637.77 
276637.90 
276638.04 
276638.16 
276638.29 
276638.42 
276638.55 
276638.68 
276638.81 
276638.94 
276639.06 
276639.19 
276639.32 
276639.44 
276639.57 
276639.71 
276639.83 
276639.96 
276640.09 
276640.22 
276640.34 
276640.47 
276640.60 
276640.73 
276640.85 
276640.98 
276641.11 
276641.24 
276641.37 
276641.50 
276641.63 
276641.75 
276641.88 
276642.01 
276642.14 
276642.26 
276642.39 
276642.52 
276642.64 
276642.77 
276642.90 
276643.03 
276643.16 
276643.29 
276643.41 
276643.54 
276643.67 
276643.80 
276643.93 
276644.05 
276644.18 
276644.31 
276644.44 
276644.57 
276644.69 
276644.82 
276644.95 
276645.08 
276645.21 
276645.34 
276645.46 
276645.59 
276645.71 
276645.84 
276645.98 
276646.11 
276646.24 
276646.37 
276646.50 
276646.63 
276646.75 
276646.88 
276647.01 
276647.14 
276647.27 
276647.42 
276647.54 
276647.67 
276647.80 
276647.93 
276648.05 
276648.18 
276648.31 
276648.44 
276648.57 
276648.69 
276648.82 
276648.95 
276649.08 
276649.20 
276649.34 
276649.46 
276649.59 
276649.72 
276649.84 
276649.97 
276650.10 
276650.23 
276650.35 
276650.48 
276650.61 
276650.73 
276650.86 
276650.99 
276651.11 
276651.24 
276651.37 
276651.50 
276651.64 
276651.77 
276651.90 
276652.02 
276652.15 
276652.28 
276652.40 
276652.53 
276652.66 
276652.78 
276652.91 
276653.04 
276653.17 
276653.30 
276653.43 
276653.56 
276653.68 
276653.81 
276653.94 
276654.07 
276654.20 
276654.33 
276654.45 
276654.58 
276654.71 
276654.84 
276654.97 
276655.10 
276655.22 
276655.35 
276655.48 
276655.61 
276655.73 
276655.86 
276655.99 
276656.12 
276656.25 
276656.37 
276656.50 
276656.63 
276656.76 
276656.89 
276657.01 
276657.14 
276657.27 
276657.40 
276657.53 
276657.65 
276657.78 
276657.91 
276658.04 
276658.17 
276658.30 
276658.42 
276658.55 
276658.68 
276658.81 
276658.93 
276659.06 
276659.19 
276659.32 
276659.44 
276659.57 
276659.72 
276659.85 
276659.97 
276660.10 
276660.23 
276660.36 
276660.49 
276660.61 
276660.74 
276660.87 
276661.00 
276661.13 
276661.25 
276661.38 
276661.51 
276661.64 
276661.77 
276661.90 
276662.02 
276662.15 
276662.28 
276662.41 
276662.54 
276662.66 
276662.79 
276662.92 
276663.05 
276663.17 
276663.30 
276663.43 
276663.58 
276663.70 
276663.83 
276663.96 
276664.09 
276664.21 
276664.34 
276664.47 
276664.60 
276664.73 
276664.85 
276664.98 
276665.11 
276665.24 
276665.37 
276665.49 
276665.62 
276665.74 
276665.87 
276666.00 
276666.13 
276666.26 
276666.39 
276666.51 
276666.64 
276666.76 
276666.88 
276667.00 
276667.12 
276667.25 
276667.37 
276667.50 
276667.62 
276667.74 
276667.87 
276667.99 
276668.12 
276668.25 
276668.37 
276668.50 
276668.63 
276668.76 
276668.88 
276669.01 
276669.14 
276669.27 
276669.39 
276669.52 
276669.65 
276669.78 
276669.91 
276670.04 
276670.18 
276670.31 
276670.44 
276670.57 
276670.69 
276670.82 
276670.94 
276671.07 
276671.20 
276671.33 
276671.45 
276671.58 
276671.70 
276671.83 
276671.96 
276672.09 
276672.22 
276672.34 
276672.47 
276672.60 
276672.73 
276672.85 
276672.98 
276673.11 
276673.24 
276673.36 
276673.49 
276673.62 
276673.75 
276673.88 
276674.01 
276674.14 
276674.26 
276674.39 
276674.52 
276674.65 
276674.77 
276674.90 
276675.03 
276675.16 
276675.29 
276675.41 
276675.54 
276675.67 
276675.80 
276675.93 
276676.06 
276676.18 
276676.31 
276676.44 
276676.57 
276676.69 
276676.82 
276676.95 
276677.08 
276677.20 
276677.32 
276677.45 
276677.58 
276677.70 
276677.83 
276677.95 
276678.07 
276678.18 
276678.30 
276678.41 
276678.52 
276678.63 
276678.76 
276678.87 
276678.98 
276679.08 
276679.19 
276679.30 
276679.41 
276679.52 
276679.62 
276679.73 
276679.84 
276679.96 
276680.07 
276680.18 
276680.29 
276680.39 
276680.52 
276680.64 
276680.77 
276680.88 
276681.02 
276681.13 
276681.25 
276681.35 
276681.46 
276681.58 
276681.70 
276681.84 
276681.94 
276682.05 
276682.16 
276682.29 
276682.39 
276682.50 
276682.61 
276682.74 
276682.84 
276682.97 
276683.08 
276683.19 
276683.32 
276683.43 
276683.56 
276683.67 
276683.78 
276683.89 
276683.99 
276684.10 
276684.24 
276684.36 
276684.47 
276684.58 
276684.70 
276684.83 
276684.96 
276685.08 
276685.22 
276685.33 
276685.45 
276685.57 
276685.68 
276685.80 
276685.93 
276686.04 
276686.17 
276686.28 
276686.42 
276686.54 
276686.68 
276686.81 
276686.94 
276687.06 
276687.18 
276687.30 
276687.41 
276687.53 
276687.65 
276687.77 
276687.89 
276688.00 
276688.12 
276688.24 
276688.37 
276688.49 
276688.61 
276688.73 
276688.85 
276688.97 
276689.08 
276689.19 
276689.31 
276689.43 
276689.55 
276689.66 
276689.78 
276689.89 
276690.01 
276690.14 
276690.25 
276690.37 
276690.52 
276690.63 
276690.75 
276690.88 
276690.99 
276691.11 
276691.23 
276691.35 
276691.47 
276691.58 
276691.71 
276691.83 
276691.94 
276692.06 
276692.18 
276692.30 
276692.42 
276692.55 
276692.67 
276692.80 
276692.92 
276693.03 
276693.16 
276693.28 
276693.40 
276693.52 
276693.63 
276693.75 
276693.87 
276693.99 
276694.11 
276694.22 
276694.35 
276694.46 
276694.58 
276694.71 
276694.82 
276694.94 
276695.06 
276695.17 
276695.29 
276695.41 
276695.53 
276695.64 
276695.75 
276695.87 
276695.99 
276696.11 
276696.24 
276696.36 
276696.47 
276696.60 
276696.73 
276696.84 
276696.96 
276697.08 
276697.20 
276697.32 
276697.43 
276697.55 
276697.67 
276697.79 
276697.91 
276698.04 
276698.15 
276698.27 
276698.39 
276698.51 
276698.62 
276698.75 
276698.87 
276699.00 
276699.12 
276699.25 
276699.37 
276699.48 
276699.60 
276699.72 
276699.84 
276699.96 
276700.08 
276700.20 
276700.30 
276700.42 
276700.55 
276700.68 
276700.79 
276700.92 
276701.03 
276701.15 
276701.27 
276701.39 
276701.50 
276701.63 
276701.74 
276701.86 
276701.98 
276702.10 
276702.22 
276702.34 
276702.45 
276702.57 
276702.68 
276702.80 
276702.92 
276703.04 
276703.16 
276703.28 
276703.39 
276703.51 
276703.62 
276703.74 
276703.86 
276703.97 
276704.09 
276704.21 
276704.33 
276704.46 
276704.57 
276704.70 
276704.82 
276704.93 
276705.04 
276705.16 
276705.28 
276705.41 
276705.53 
276705.65 
276705.77 
276705.89 
276706.00 
276706.11 
276706.22 
276706.33 
276706.45 
276706.57 
276706.69 
276706.80 
276706.93 
276707.05 
276707.17 
276707.28 
276707.40 
276707.51 
276707.63 
276707.75 
276707.87 
276707.99 
276708.12 
276708.25 
276708.35 
276708.47 
276708.59 
276708.71 
276708.82 
276708.94 
276709.07 
276709.19 
276709.30 
276709.42 
276709.54 
276709.66 
276709.78 
276709.90 
276710.01 
276710.13 
276710.25 
276710.37 
276710.48 
276710.61 
276710.73 
276710.85 
276710.97 
276711.09 
276711.21 
276711.33 
276711.45 
276711.56 
276711.68 
276711.79 
276711.91 
276712.03 
276712.15 
276712.27 
276712.40 
276712.52 
276712.63 
276712.74 
276712.86 
276712.98 
276713.10 
276713.22 
276713.34 
276713.46 
276713.58 
276713.70 
276713.83 
276713.96 
276714.08 
276714.20 
276714.32 
276714.44 
276714.55 
276714.68 
276714.79 
276714.92 
276715.04 
276715.15 
276715.27 
276715.41 
276715.52 
276715.63 
276715.74 
276715.87 
276715.99 
276716.11 
276716.23 
276716.35 
276716.48 
276716.59 
276716.71 
276716.83 
276716.96 
276717.08 
276717.19 
276717.31 
276717.43 
276717.54 
276717.67 
276717.80 
276717.93 
276718.06 
276718.17 
276718.29 
276718.41 
276718.53 
276718.65 
276718.76 
276718.89 
276719.01 
276719.12 
276719.24 
276719.36 
276719.47 
276719.59 
276719.72 
276719.83 
276719.95 
276720.06 
276720.19 
276720.31 
276720.42 
276720.54 
276720.67 
276720.78 
276720.90 
276721.02 
276721.13 
276721.25 
276721.36 
276721.48 
276721.59 
276721.72 
276721.83 
276721.94 
276722.06 
276722.17 
276722.28 
276722.40 
276722.52 
276722.65 
276722.77 
276722.89 
276723.01 
276723.14 
276723.26 
276723.38 
276723.51 
276723.62 
276723.73 
276723.84 
276723.96 
276724.08 
276724.20 
276724.32 
276724.44 
276724.57 
276724.68 
276724.80 
276724.92 
276725.05 
276725.17 
276725.29 
276725.41 
276725.53 
276725.65 
276725.76 
276725.88 
276725.99 
276726.10 
276726.23 
276726.37 
276726.49 
276726.60 
276726.71 
276726.84 
276726.96 
276727.09 
276727.20 
276727.32 
276727.44 
276727.55 
276727.67 
276727.79 
276727.91 
276728.01 
276728.13 
276728.26 
276728.38 
276728.50 
276728.64 
276728.76 
276728.88 
276729.01 
276729.13 
276729.26 
276729.38 
276729.50 
276729.63 
276729.75 
276729.87 
276729.99 
276730.11 
276730.24 
276730.35 
276730.46 
276730.58 
276730.69 
276730.81 
276730.93 
276731.05 
276731.16 
276731.28 
276731.40 
276731.53 
276731.65 
276731.78 
276731.91 
276732.02 
276732.14 
276732.27 
276732.39 
276732.51 
276732.62 
276732.74 
276732.87 
276732.98 
276733.10 
276733.22 
276733.35 
276733.47 
276733.59 
276733.71 
276733.83 
276733.95 
276734.07 
276734.18 
276734.31 
276734.43 
276734.55 
276734.67 
276734.79 
276734.91 
276735.04 
276735.15 
276735.27 
276735.38 
276735.50 
276735.62 
276735.76 
276735.88 
276735.99 
276736.11 
276736.23 
276736.36 
276736.49 
276736.60 
276736.71 
276736.83 
276736.95 
276737.09 
276737.21 
276737.33 
276737.45 
276737.57 
276737.70 
276737.83 
276737.95 
276738.06 
276738.18 
276738.30 
276738.42 
276738.54 
276738.65 
276738.76 
276738.87 
276739.00 
276739.13 
276739.25 
276739.36 
276739.48 
276739.61 
276739.74 
276739.86 
276739.98 
276740.09 
276740.22 
276740.33 
276740.45 
276740.58 
276740.71 
276740.83 
276740.96 
276741.08 
276741.21 
276741.32 
276741.45 
276741.57 
276741.69 
276741.80 
276741.92 
276742.04 
276742.16 
276742.29 
276742.42 
276742.54 
276742.67 
276742.80 
276742.92 
276743.05 
276743.17 
276743.31 
276743.44 
276743.56 
276743.68 
276743.81 
276743.93 
276744.06 
276744.19 
276744.32 
276744.45 
276744.58 
276744.71 
276744.83 
276744.96 
276745.09 
276745.22 
276745.35 
276745.47 
276745.60 
276745.73 
276745.86 
276745.99 
276746.11 
276746.24 
276746.37 
276746.50 
276746.62 
276746.75 
276746.88 
276747.01 
276747.14 
276747.27 
276747.39 
276747.52 
276747.65 
276747.78 
276747.91 
276748.04 
276748.16 
276748.29 
276748.42 
276748.55 
276748.67 
276748.80 
276748.93 
276749.06 
276749.18 
276749.31 
276749.44 
276749.56 
276749.69 
276749.81 
276749.94 
276750.07 
276750.21 
276750.33 
276750.45 
276750.58 
276750.71 
276750.84 
276750.97 
276751.10 
276751.22 
276751.35 
276751.48 
276751.61 
276751.74 
276751.87 
276752.00 
276752.13 
276752.26 
276752.38 
276752.51 
276752.64 
276752.77 
276752.90 
276753.03 
276753.17 
276753.30 
276753.44 
276753.57 
276753.70 
276753.83 
276753.95 
276754.08 
276754.21 
276754.34 
276754.47 
276754.60 
276754.72 
276754.85 
276754.98 
276755.11 
276755.23 
276755.36 
276755.49 
276755.62 
276755.74 
276755.87 
276756.00 
276756.13 
276756.26 
276756.38 
276756.51 
276756.64 
276756.77 
276756.90 
276757.02 
276757.15 
276757.27 
276757.40 
276757.53 
276757.65 
276757.80 
276757.92 
276758.05 
276758.18 
276758.31 
276758.43 
276758.56 
276758.69 
276758.81 
276758.92 
276759.04 
276759.17 
276759.29 
276759.43 
276759.55 
276759.68 
276759.81 
276759.94 
276760.07 
276760.19 
276760.32 
276760.45 
276760.57 
276760.70 
276760.82 
276760.95 
276761.08 
276761.21 
276761.33 
276761.46 
276761.59 
276761.72 
276761.85 
276761.97 
276762.10 
276762.23 
276762.36 
276762.49 
276762.62 
276762.74 
276762.87 
276763.00 
276763.13 
276763.25 
276763.38 
276763.51 
276763.64 
276763.77 
276763.89 
276764.02 
276764.17 
276764.30 
276764.42 
276764.55 
276764.68 
276764.80 
276764.93 
276765.06 
276765.19 
276765.32 
276765.44 
276765.57 
276765.70 
276765.82 
276765.95 
276766.07 
276766.20 
276766.33 
276766.45 
276766.58 
276766.71 
276766.84 
276766.97 
276767.09 
276767.24 
276767.37 
276767.49 
276767.62 
276767.75 
276767.88 
276768.02 
276768.15 
276768.27 
276768.40 
276768.53 
276768.66 
276768.78 
276768.91 
276769.04 
276769.17 
276769.30 
276769.43 
276769.55 
276769.68 
276769.81 
276769.94 
276770.06 
276770.19 
276770.32 
276770.45 
276770.58 
276770.71 
276770.83 
276770.96 
276771.09 
276771.22 
276771.35 
276771.47 
276771.60 
276771.73 
276771.85 
276771.98 
276772.11 
276772.24 
276772.37 
276772.50 
276772.63 
276772.75 
276772.88 
276773.01 
276773.14 
276773.27 
276773.40 
276773.52 
276773.65 
276773.78 
276773.91 
276774.04 
276774.16 
276774.28 
276774.41 
276774.53 
276774.66 
276774.79 
276774.92 
276775.05 
276775.17 
276775.30 
276775.43 
276775.56 
276775.68 
276775.80 
276775.93 
276776.05 
276776.18 
276776.31 
276776.44 
276776.57 
276776.70 
276776.82 
276776.95 
276777.08 
276777.21 
276777.34 
276777.46 
276777.59 
276777.72 
276777.85 
276777.97 
276778.10 
276778.23 
276778.36 
276778.49 
276778.62 
276778.74 
276778.87 
276778.99 
276779.13 
276779.25 
276779.38 
276779.52 
276779.65 
276779.77 
276779.89 
276780.03 
276780.16 
276780.29 
276780.42 
276780.55 
276780.67 
276780.80 
276780.93 
276781.06 
276781.18 
276781.31 
276781.44 
276781.56 
276781.69 
276781.82 
276781.94 
276782.07 
276782.20 
276782.32 
276782.45 
276782.58 
276782.71 
276782.83 
276782.96 
276783.09 
276783.22 
276783.35 
276783.48 
276783.61 
276783.73 
276783.86 
276783.99 
276784.12 
276784.25 
276784.37 
276784.50 
276784.63 
276784.76 
276784.89 
276785.02 
276785.14 
276785.27 
276785.40 
276785.53 
276785.65 
276785.78 
276785.91 
276786.03 
276786.16 
276786.29 
276786.42 
276786.54 
276786.67 
276786.80 
276786.92 
276787.05 
276787.18 
276787.31 
276787.44 
276787.57 
276787.70 
276787.82 
276787.95 
276788.08 
276788.21 
276788.34 
276788.47 
276788.59 
276788.74 
276788.86 
276788.99 
276789.12 
276789.25 
276789.38 
276789.51 
276789.63 
276789.75 
276789.89 
276790.02 
276790.14 
276790.27 
276790.40 
276790.53 
276790.66 
276790.79 
276790.92 
276791.05 
276791.17 
276791.30 
276791.43 
276791.55 
276791.68 
276791.81 
276791.94 
276792.06 
276792.19 
276792.32 
276792.45 
276792.58 
276792.70 
276792.83 
276792.97 
276793.11 
276793.24 
276793.36 
276793.49 
276793.62 
276793.75 
276793.87 
276794.00 
276794.13 
276794.26 
276794.38 
276794.51 
276794.64 
276794.76 
276794.89 
276795.02 
276795.15 
276795.28 
276795.41 
276795.53 
276795.66 
276795.79 
276795.92 
276796.05 
276796.18 
276796.30 
276796.43 
276796.56 
276796.69 
276796.81 
276796.94 
276797.07 
276797.20 
276797.33 
276797.45 
276797.58 
276797.71 
276797.84 
276797.97 
276798.10 
276798.23 
276798.35 
276798.48 
276798.60 
276798.73 
276798.87 
276799.00 
276799.13 
276799.25 
276799.38 
276799.50 
276799.61 
276799.73 
276799.84 
276799.96 
276800.08 
276800.20 
276800.32 
276800.44 
276800.57 
276800.69 
276800.81 
276800.93 
276801.06 
276801.19 
276801.31 
276801.44 
276801.56 
276801.68 
276801.80 
276801.92 
276802.05 
276802.16 
276802.29 
276802.41 
276802.53 
276802.64 
276802.75 
276802.86 
276802.96 
276803.07 
276803.18 
276803.30 
276803.42 
276803.55 
276803.67 
276803.80 
276803.92 
276804.05 
276804.17 
276804.29 
276804.41 
276804.54 
276804.66 
276804.79 
276804.92 
276805.04 
276805.17 
276805.30 
276805.42 
276805.54 
276805.67 
276805.80 
276805.93 
276806.06 
276806.18 
276806.31 
276806.44 
276806.56 
276806.69 
276806.82 
276806.95 
276807.08 
276807.21 
276807.34 
276807.46 
276807.59 
276807.72 
276807.84 
276807.97 
276808.09 
276808.22 
276808.35 
276808.47 
276808.60 
276808.73 
276808.86 
276808.98 
276809.11 
276809.24 
276809.37 
276809.49 
276809.62 
276809.74 
276809.86 
276809.99 
276810.11 
276810.23 
276810.36 
276810.48 
276810.61 
276810.74 
276810.87 
276810.99 
276811.12 
276811.25 
276811.38 
276811.50 
276811.63 
276811.76 
276811.89 
276812.01 
276812.14 
276812.27 
276812.40 
276812.53 
276812.66 
276812.78 
276812.91 
276813.04 
276813.16 
276813.28 
276813.41 
276813.53 
276813.66 
276813.78 
276813.91 
276814.04 
276814.16 
276814.29 
276814.42 
276814.55 
276814.68 
276814.80 
276814.93 
276815.06 
276815.18 
276815.31 
276815.44 
276815.56 
276815.69 
276815.81 
276815.94 
276816.07 
276816.19 
276816.32 
276816.45 
276816.58 
276816.70 
276816.83 
276816.95 
276817.08 
276817.21 
276817.34 
276817.46 
276817.59 
276817.72 
276817.85 
276817.97 
276818.10 
276818.23 
276818.35 
276818.48 
276818.60 
276818.73 
276818.86 
276818.99 
276819.12 
276819.25 
276819.38 
276819.51 
276819.64 
276819.77 
276819.90 
276820.02 
276820.15 
276820.28 
276820.41 
276820.53 
276820.66 
276820.78 
276820.89 
276821.01 
276821.14 
276821.27 
276821.40 
276821.52 
276821.65 
276821.78 
276821.91 
276822.04 
276822.17 
276822.29 
276822.42 
276822.55 
276822.68 
276822.81 
276822.93 
276823.06 
276823.19 
276823.32 
276823.45 
276823.57 
276823.70 
276823.83 
276823.96 
276824.09 
276824.22 
276824.34 
276824.47 
276824.60 
276824.73 
276824.85 
276824.98 
276825.11 
276825.24 
276825.37 
276825.49 
276825.62 
276825.75 
276825.88 
276826.01 
276826.13 
276826.26 
276826.39 
276826.52 
276826.65 
276826.77 
276826.90 
276827.03 
276827.15 
276827.28 
276827.41 
276827.54 
276827.67 
276827.80 
276827.93 
276828.07 
276828.20 
276828.33 
276828.45 
276828.58 
276828.71 
276828.84 
276828.96 
276829.09 
276829.22 
276829.35 
276829.47 
276829.60 
276829.73 
276829.86 
276829.99 
276830.11 
276830.24 
276830.37 
276830.50 
276830.62 
276830.75 
276830.88 
276831.01 
276831.14 
276831.27 
276831.39 
276831.52 
276831.65 
276831.78 
276831.91 
276832.04 
276832.16 
276832.29 
276832.42 
276832.55 
276832.68 
276832.80 
276832.93 
276833.06 
276833.19 
276833.32 
276833.45 
276833.57 
276833.70 
276833.83 
276833.96 
276834.09 
276834.22 
276834.34 
276834.47 
276834.60 
276834.73 
276834.85 
276834.98 
276835.11 
276835.24 
276835.36 
276835.49 
276835.62 
276835.75 
276835.87 
276836.00 
276836.13 
276836.25 
276836.37 
276836.50 
276836.64 
276836.76 
276836.90 
276837.03 
276837.16 
276837.29 
276837.42 
276837.54 
276837.68 
276837.81 
276837.94 
276838.06 
276838.19 
276838.32 
276838.45 
276838.57 
276838.70 
276838.83 
276838.95 
276839.08 
276839.20 
276839.33 
276839.46 
276839.59 
276839.72 
276839.84 
276839.97 
276840.10 
276840.23 
276840.35 
276840.50 
276840.63 
276840.76 
276840.88 
276841.01 
276841.14 
276841.26 
276841.39 
276841.52 
276841.64 
276841.77 
276841.90 
276842.03 
276842.16 
276842.28 
276842.41 
276842.54 
276842.66 
276842.79 
276842.92 
276843.05 
276843.17 
276843.30 
276843.43 
276843.56 
276843.69 
276843.82 
276843.94 
276844.07 
276844.20 
276844.33 
276844.45 
276844.58 
276844.71 
276844.84 
276844.96 
276845.09 
276845.22 
276845.35 
276845.48 
276845.61 
276845.74 
276845.86 
276845.99 
276846.12 
276846.25 
276846.37 
276846.50 
276846.63 
276846.76 
276846.89 
276847.02 
276847.14 
276847.27 
276847.40 
276847.53 
276847.66 
276847.78 
276847.91 
276848.04 
276848.17 
276848.30 
276848.42 
276848.55 
276848.68 
276848.81 
276848.94 
276849.07 
276849.20 
276849.33 
276849.46 
276849.59 
276849.72 
276849.85 
276849.98 
276850.10 
276850.23 
276850.36 
276850.49 
276850.62 
276850.74 
276850.87 
276851.00 
276851.13 
276851.25 
276851.38 
276851.51 
276851.64 
276851.76 
276851.90 
276852.02 
276852.15 
276852.28 
276852.41 
276852.53 
276852.66 
276852.79 
276852.92 
276853.04 
276853.17 
276853.30 
276853.43 
276853.56 
276853.68 
276853.81 
276853.94 
276854.06 
276854.19 
276854.32 
276854.45 
276854.58 
276854.70 
276854.83 
276854.96 
276855.09 
276855.22 
276855.34 
276855.47 
276855.60 
276855.73 
276855.85 
276855.99 
276856.12 
276856.24 
276856.37 
276856.49 
276856.62 
276856.75 
276856.88 
276857.01 
276857.14 
276857.27 
276857.39 
276857.53 
276857.65 
276857.78 
276857.91 
276858.04 
276858.17 
276858.29 
276858.42 
276858.55 
276858.68 
276858.81 
276858.93 
276859.06 
276859.19 
276859.32 
276859.45 
276859.57 
276859.70 
276859.83 
276859.96 
276860.10 
276860.23 
276860.36 
276860.48 
276860.61 
276860.74 
276860.87 
276861.00 
276861.12 
276861.25 
276861.38 
276861.51 
276861.64 
276861.77 
276861.89 
276862.02 
276862.15 
276862.28 
276862.41 
276862.54 
276862.66 
276862.79 
276862.92 
276863.04 
276863.17 
276863.30 
276863.43 
276863.55 
276863.68 
276863.81 
276863.94 
276864.07 
276864.20 
276864.32 
276864.45 
276864.58 
276864.71 
276864.83 
276864.96 
276865.09 
276865.22 
276865.35 
276865.47 
276865.60 
276865.73 
276865.86 
276865.98 
276866.11 
276866.24 
276866.37 
276866.50 
276866.63 
276866.76 
276866.89 
276867.01 
276867.14 
276867.27 
276867.40 
276867.52 
276867.65 
276867.78 
276867.91 
276868.03 
276868.16 
276868.29 
276868.42 
276868.55 
276868.67 
276868.80 
276868.92 
276869.05 
276869.18 
276869.30 
276869.43 
276869.56 
276869.69 
276869.82 
276869.94 
276870.07 
276870.19 
276870.32 
276870.45 
276870.58 
276870.71 
276870.84 
276870.97 
276871.09 
276871.22 
276871.35 
276871.48 
276871.61 
276871.73 
276871.86 
276871.99 
276872.11 
276872.24 
276872.37 
276872.50 
276872.63 
276872.75 
276872.88 
276873.03 
276873.15 
276873.28 
276873.40 
276873.53 
276873.66 
276873.79 
276873.92 
276874.05 
276874.17 
276874.30 
276874.43 
276874.56 
276874.69 
276874.82 
276874.95 
276875.08 
276875.21 
276875.33 
276875.46 
276875.59 
276875.72 
276875.84 
276875.99 
276876.12 
276876.25 
276876.37 
276876.50 
276876.64 
276876.77 
276876.89 
276877.03 
276877.15 
276877.28 
276877.41 
276877.54 
276877.67 
276877.80 
276877.93 
276878.05 
276878.18 
276878.31 
276878.44 
276878.56 
276878.69 
276878.82 
276878.94 
276879.07 
276879.20 
276879.33 
276879.45 
276879.58 
276879.70 
276879.83 
276879.96 
276880.09 
276880.21 
276880.34 
276880.46 
276880.59 
276880.72 
276880.85 
276880.98 
276881.11 
276881.24 
276881.38 
276881.51 
276881.64 
276881.77 
276881.89 
276882.02 
276882.15 
276882.28 
276882.40 
276882.53 
276882.65 
276882.77 
276882.89 
276883.02 
276883.15 
276883.28 
276883.41 
276883.53 
276883.66 
276883.79 
276883.92 
276884.05 
276884.17 
276884.30 
276884.43 
276884.56 
276884.69 
276884.82 
276884.95 
276885.08 
276885.21 
276885.34 
276885.46 
276885.59 
276885.73 
276885.86 
276885.99 
276886.12 
276886.25 
276886.37 
276886.50 
276886.65 
276886.78 
276886.90 
276887.03 
276887.16 
276887.28 
276887.41 
276887.53 
276887.66 
276887.78 
276887.91 
276888.04 
276888.17 
276888.29 
276888.42 
276888.57 
276888.70 
276888.82 
276888.95 
276889.08 
276889.20 
276889.33 
276889.46 
276889.58 
276889.71 
276889.84 
276889.97 
276890.10 
276890.22 
276890.35 
276890.48 
276890.60 
276890.73 
276890.85 
276890.98 
276891.11 
276891.24 
276891.37 
276891.49 
276891.62 
276891.75 
276891.90 
276892.02 
276892.15 
276892.28 
276892.41 
276892.54 
276892.66 
276892.79 
276892.92 
276893.05 
276893.17 
276893.30 
276893.43 
276893.56 
276893.68 
276893.81 
276893.94 
276894.06 
276894.19 
276894.32 
276894.45 
276894.58 
276894.71 
276894.83 
276894.96 
276895.09 
276895.22 
276895.34 
276895.47 
276895.61 
276895.74 
276895.87 
276896.00 
276896.12 
276896.25 
276896.38 
276896.51 
276896.64 
276896.77 
276896.90 
276897.03 
276897.15 
276897.28 
276897.41 
276897.54 
276897.67 
276897.81 
276897.93 
276898.06 
276898.18 
276898.29 
276898.41 
276898.54 
276898.66 
276898.79 
276898.92 
276899.05 
276899.17 
276899.30 
276899.43 
276899.56 
276899.68 
276899.81 
276899.94 
276900.07 
276900.20 
276900.34 
276900.46 
276900.59 
276900.72 
276900.85 
276900.98 
276901.11 
276901.24 
276901.36 
276901.49 
276901.62 
276901.75 
276901.88 
276902.01 
276902.13 
276902.26 
276902.38 
276902.51 
276902.64 
276902.77 
276902.90 
276903.03 
276903.16 
276903.28 
276903.41 
276903.53 
276903.66 
276903.81 
276903.94 
276904.06 
276904.19 
276904.32 
276904.45 
276904.57 
276904.70 
276904.83 
276904.96 
276905.09 
276905.21 
276905.34 
276905.47 
276905.59 
276905.72 
276905.84 
276905.97 
276906.10 
276906.23 
276906.36 
276906.49 
276906.62 
276906.76 
276906.89 
276907.02 
276907.14 
276907.27 
276907.42 
276907.54 
276907.67 
276907.80 
276907.92 
276908.05 
276908.18 
276908.31 
276908.43 
276908.56 
276908.69 
276908.81 
276908.94 
276909.07 
276909.19 
276909.32 
276909.45 
276909.57 
276909.70 
276909.83 
276909.96 
276910.09 
276910.21 
276910.34 
276910.47 
276910.60 
276910.73 
276910.85 
276910.98 
276911.11 
276911.24 
276911.37 
276911.49 
276911.62 
276911.75 
276911.88 
276912.00 
276912.13 
276912.26 
276912.39 
276912.52 
276912.65 
276912.77 
276912.90 
276913.03 
276913.16 
276913.29 
276913.41 
276913.54 
276913.66 
276913.79 
276913.92 
276914.04 
276914.17 
276914.30 
276914.42 
276914.55 
276914.68 
276914.80 
276914.93 
276915.06 
276915.19 
276915.32 
276915.44 
276915.57 
276915.70 
276915.83 
276915.96 
276916.09 
276916.21 
276916.34 
276916.47 
276916.60 
276916.73 
276916.85 
276916.98 
276917.10 
276917.22 
276917.35 
276917.48 
276917.60 
276917.73 
276917.85 
276917.98 
276918.11 
276918.24 
276918.37 
276918.50 
276918.63 
276918.75 
276918.88 
276919.01 
276919.14 
276919.27 
276919.39 
276919.51 
276919.64 
276919.77 
276919.89 
276920.02 
276920.15 
276920.27 
276920.40 
276920.53 
276920.66 
276920.78 
276920.91 
276921.04 
276921.17 
276921.29 
276921.43 
276921.55 
276921.68 
276921.81 
276921.94 
276922.07 
276922.19 
276922.32 
276922.45 
276922.58 
276922.70 
276922.83 
276922.96 
276923.09 
276923.22 
276923.35 
276923.48 
276923.61 
276923.74 
276923.87 
276924.00 
276924.12 
276924.25 
276924.37 
276924.50 
276924.62 
276924.75 
276924.88 
276925.01 
276925.14 
276925.26 
276925.39 
276925.52 
276925.65 
276925.78 
276925.91 
276926.03 
276926.16 
276926.29 
276926.42 
276926.54 
276926.67 
276926.81 
276926.95 
276927.07 
276927.20 
276927.33 
276927.46 
276927.59 
276927.72 
276927.84 
276927.97 
276928.10 
276928.23 
276928.36 
276928.49 
276928.61 
276928.74 
276928.87 
276928.99 
276929.11 
276929.24 
276929.37 
276929.51 
276929.64 
276929.77 
276929.89 
276930.02 
276930.15 
276930.28 
276930.42 
276930.53 
276930.66 
276930.79 
276930.92 
276931.05 
276931.17 
276931.31 
276931.44 
276931.57 
276931.70 
276931.83 
276931.96 
276932.09 
276932.21 
276932.34 
276932.47 
276932.61 
276932.74 
276932.87 
276932.99 
276933.12 
276933.26 
276933.39 
276933.52 
276933.65 
276933.78 
276933.90 
276934.03 
276934.16 
276934.28 
276934.41 
276934.54 
276934.68 
276934.81 
276934.94 
276935.06 
276935.19 
276935.32 
276935.44 
276935.57 
276935.70 
276935.82 
276935.95 
276936.08 
276936.20 
276936.33 
276936.46 
276936.59 
276936.72 
276936.85 
276936.97 
276937.10 
276937.23 
276937.36 
276937.49 
276937.62 
276937.75 
276937.87 
276938.00 
276938.13 
276938.26 
276938.39 
276938.52 
276938.64 
276938.77 
276938.90 
276939.03 
276939.15 
276939.28 
276939.41 
276939.54 
276939.66 
276939.79 
276939.92 
276940.05 
276940.18 
276940.30 
276940.43 
276940.56 
276940.69 
276940.81 
276940.94 
276941.07 
276941.19 
276941.32 
276941.45 
276941.57 
276941.70 
276941.83 
276941.95 
276942.08 
276942.21 
276942.34 
276942.46 
276942.59 
276942.72 
276942.85 
276942.98 
276943.11 
276943.23 
276943.38 
276943.51 
276943.64 
276943.76 
276943.89 
276944.02 
276944.15 
276944.28 
276944.40 
276944.53 
276944.65 
276944.77 
276944.89 
276945.02 
276945.14 
276945.27 
276945.40 
276945.52 
276945.65 
276945.78 
276945.91 
276946.03 
276946.18 
276946.30 
276946.43 
276946.56 
276946.69 
276946.82 
276946.95 
276947.07 
276947.20 
276947.33 
276947.45 
276947.61 
276947.73 
276947.86 
276947.99 
276948.12 
276948.26 
276948.38 
276948.51 
276948.64 
276948.77 
276948.90 
276949.03 
276949.16 
276949.28 
276949.41 
276949.55 
276949.68 
276949.81 
276949.94 
276950.06 
276950.19 
276950.31 
276950.44 
276950.57 
276950.69 
276950.82 
276950.95 
276951.08 
276951.21 
276951.34 
276951.46 
276951.59 
276951.72 
276951.85 
276951.98 
276952.10 
276952.23 
276952.36 
276952.49 
276952.62 
276952.75 
276952.88 
276953.01 
276953.14 
276953.27 
276953.40 
276953.53 
276953.66 
276953.78 
276953.91 
276954.04 
276954.18 
276954.31 
276954.44 
276954.57 
276954.69 
276954.82 
276954.95 
276955.10 
276955.23 
276955.36 
276955.48 
276955.61 
276955.74 
276955.87 
276956.00 
276956.13 
276956.26 
276956.38 
276956.51 
276956.64 
276956.77 
276956.90 
276957.02 
276957.15 
276957.28 
276957.40 
276957.53 
276957.66 
276957.78 
276957.91 
276958.04 
276958.17 
276958.29 
276958.42 
276958.55 
276958.68 
276958.81 
276958.94 
276959.06 
276959.19 
276959.32 
276959.45 
276959.57 
276959.70 
276959.83 
276959.96 
276960.08 
276960.21 
276960.33 
276960.45 
276960.58 
276960.71 
276960.83 
276960.96 
276961.09 
276961.22 
276961.35 
276961.48 
276961.61 
276961.74 
276961.86 
276962.00 
276962.13 
276962.26 
276962.38 
276962.51 
276962.64 
276962.76 
276962.89 
276963.02 
276963.15 
276963.28 
276963.41 
276963.54 
276963.66 
276963.79 
276963.92 
276964.05 
276964.18 
276964.31 
276964.44 
276964.56 
276964.69 
276964.82 
276964.95 
276965.07 
276965.20 
276965.33 
276965.45 
276965.58 
276965.71 
276965.84 
276965.97 
276966.10 
276966.23 
276966.35 
276966.48 
276966.61 
276966.74 
276966.87 
276966.99 
276967.12 
276967.25 
276967.38 
276967.51 
276967.63 
276967.77 
276967.90 
276968.04 
276968.16 
276968.29 
276968.42 
276968.54 
276968.67 
276968.80 
276968.93 
276969.06 
276969.19 
276969.32 
276969.45 
276969.57 
276969.70 
276969.83 
276969.96 
276970.10 
276970.23 
276970.35 
276970.48 
276970.61 
276970.74 
276970.87 
276970.99 
276971.12 
276971.25 
276971.37 
276971.50 
276971.63 
276971.76 
276971.89 
276972.02 
276972.17 
276972.29 
276972.42 
276972.55 
276972.68 
276972.81 
276972.94 
276973.06 
276973.19 
276973.32 
276973.44 
276973.57 
276973.70 
276973.83 
276973.95 
276974.10 
276974.23 
276974.36 
276974.48 
276974.61 
276974.74 
276974.87 
276975.00 
276975.12 
276975.25 
276975.38 
276975.50 
276975.62 
276975.75 
276975.87 
276976.00 
276976.13 
276976.26 
276976.39 
276976.52 
276976.64 
276976.77 
276976.90 
276977.03 
276977.16 
276977.29 
276977.42 
276977.54 
276977.67 
276977.80 
276977.93 
276978.06 
276978.19 
276978.32 
276978.45 
276978.58 
276978.71 
276978.83 
276978.98 
276979.11 
276979.24 
276979.36 
276979.49 
276979.62 
276979.75 
276979.87 
276980.00 
276980.13 
276980.25 
276980.38 
276980.51 
276980.63 
276980.76 
276980.89 
276981.02 
276981.14 
276981.27 
276981.40 
276981.53 
276981.66 
276981.79 
276981.92 
276982.05 
276982.17 
276982.30 
276982.43 
276982.56 
276982.70 
276982.83 
276982.96 
276983.09 
276983.22 
276983.35 
276983.47 
276983.60 
276983.73 
276983.86 
276983.98 
276984.11 
276984.24 
276984.37 
276984.50 
276984.63 
276984.76 
276984.89 
276985.02 
276985.15 
276985.27 
276985.40 
276985.53 
276985.65 
276985.78 
276985.91 
276986.04 
276986.16 
276986.29 
276986.42 
276986.55 
276986.67 
276986.80 
276986.93 
276987.06 
276987.19 
276987.31 
276987.44 
276987.57 
276987.70 
276987.83 
276987.95 
276988.08 
276988.21 
276988.34 
276988.47 
276988.60 
276988.72 
276988.85 
276988.98 
276989.11 
276989.24 
276989.37 
276989.50 
276989.62 
276989.75 
276989.88 
276990.01 
276990.13 
276990.26 
276990.39 
276990.52 
276990.64 
276990.76 
276990.89 
276991.01 
276991.14 
276991.26 
276991.39 
276991.52 
276991.65 
276991.78 
276991.91 
276992.03 
276992.16 
276992.29 
276992.42 
276992.55 
276992.68 
276992.80 
276992.93 
276993.06 
276993.19 
276993.32 
276993.45 
276993.58 
276993.70 
276993.83 
276993.96 
276994.09 
276994.22 
276994.34 
276994.47 
276994.60 
276994.73 
276994.86 
276994.98 
276995.11 
276995.24 
276995.37 
276995.50 
276995.62 
276995.75 
276995.88 
276996.01 
276996.14 
276996.26 
276996.40 
276996.53 
276996.66 
276996.79 
276996.91 
276997.04 
276997.17 
276997.30 
276997.42 
276997.55 
276997.68 
276997.81 
276997.94 
276998.06 
276998.19 
276998.32 
276998.45 
276998.58 
276998.70 
276998.82 
276998.95 
276999.08 
276999.21 
276999.34 
276999.46 
276999.59 
276999.72 
276999.85 
276999.97 
277000.10 
277000.23 
277000.36 
277000.49 
277000.62 
277000.74 
277000.87 
277000.99 
277001.12 
277001.25 
277001.38 
277001.51 
277001.64 
277001.76 
277001.89 
277002.02 
277002.15 
277002.27 
277002.40 
277002.53 
277002.66 
277002.79 
277002.91 
277003.04 
277003.17 
277003.30 
277003.43 
277003.56 
277003.69 
277003.81 
277003.94 
277004.06 
277004.19 
277004.32 
277004.45 
277004.58 
277004.71 
277004.83 
277004.98 
277005.10 
277005.23 
277005.36 
277005.49 
277005.62 
277005.75 
277005.87 
277006.00 
277006.13 
277006.26 
277006.38 
277006.51 
277006.63 
277006.76 
277006.87 
277006.99 
277007.12 
277007.25 
277007.38 
277007.51 
277007.63 
277007.76 
277007.89 
277008.02 
277008.15 
277008.28 
277008.41 
277008.54 
277008.66 
277008.79 
277008.92 
277009.05 
277009.17 
277009.30 
277009.43 
277009.56 
277009.69 
277009.81 
277009.94 
277010.07 
277010.20 
277010.33 
277010.45 
277010.58 
277010.71 
277010.84 
277010.97 
277011.10 
277011.22 
277011.35 
277011.48 
277011.61 
277011.73 
277011.87 
277012.00 
277012.13 
277012.26 
277012.39 
277012.52 
277012.65 
277012.78 
277012.90 
277013.03 
277013.16 
277013.29 
277013.43 
277013.55 
277013.68 
277013.81 
277013.94 
277014.06 
277014.19 
277014.33 
277014.45 
277014.58 
277014.71 
277014.84 
277014.97 
277015.09 
277015.22 
277015.37 
277015.49 
277015.63 
277015.76 
277015.88 
277016.01 
277016.14 
277016.26 
277016.39 
277016.52 
277016.65 
277016.77 
277016.90 
277017.03 
277017.16 
277017.30 
277017.43 
277017.56 
277017.68 
277017.81 
277017.94 
277018.06 
277018.19 
277018.32 
277018.45 
277018.58 
277018.70 
277018.83 
277018.96 
277019.10 
277019.23 
277019.36 
277019.49 
277019.62 
277019.75 
277019.87 
277020.00 
277020.14 
277020.26 
277020.39 
277020.52 
277020.64 
277020.77 
277020.90 
277021.03 
277021.15 
277021.28 
277021.41 
277021.54 
277021.67 
277021.79 
277021.92 
277022.05 
277022.18 
277022.32 
277022.44 
277022.55 
277022.68 
277022.81 
277022.93 
277023.06 
277023.19 
277023.32 
277023.45 
277023.57 
277023.70 
277023.83 
277023.96 
277024.09 
277024.21 
277024.36 
277024.49 
277024.62 
277024.74 
277024.87 
277025.00 
277025.13 
277025.25 
277025.38 
277025.51 
277025.63 
277025.76 
277025.89 
277026.02 
277026.14 
277026.27 
277026.40 
277026.53 
277026.66 
277026.79 
277026.92 
277027.05 
277027.17 
277027.30 
277027.43 
277027.56 
277027.69 
277027.81 
277027.94 
277028.07 
277028.20 
277028.32 
277028.45 
277028.58 
277028.71 
277028.84 
277028.97 
277029.10 
277029.23 
277029.35 
277029.48 
277029.61 
277029.74 
277029.86 
277029.99 
277030.12 
277030.25 
277030.38 
277030.50 
277030.63 
277030.76 
277030.89 
277031.02 
277031.14 
277031.27 
277031.40 
277031.53 
277031.65 
277031.78 
277031.91 
277032.04 
277032.17 
277032.31 
277032.43 
277032.56 
277032.69 
277032.81 
277032.93 
277033.04 
277033.15 
277033.26 
277033.39 
277033.50 
277033.61 
277033.72 
277033.85 
277033.97 
277034.10 
277034.22 
277034.34 
277034.47 
277034.59 
277034.71 
277034.84 
277034.97 
277035.09 
277035.21 
277035.31 
277035.42 
277035.53 
277035.64 
277035.77 
277035.89 
277036.01 
277036.13 
277036.26 
277036.38 
277036.52 
277036.64 
277036.78 
277036.89 
277037.01 
277037.12 
277037.23 
277037.34 
277037.46 
277037.59 
277037.70 
277037.81 
277037.92 
277038.03 
277038.16 
277038.28 
277038.40 
277038.52 
277038.65 
277038.77 
277038.91 
277039.03 
277039.16 
277039.27 
277039.39 
277039.52 
277039.64 
277039.77 
277039.88 
277039.99 
277040.10 
277040.20 
277040.33 
277040.46 
277040.57 
277040.68 
277040.80 
277040.92 
277041.04 
277041.17 
277041.29 
277041.40 
277041.52 
277041.64 
277041.76 
277041.87 
277041.98 
277042.09 
277042.23 
277042.36 
277042.48 
277042.61 
277042.75 
277042.87 
277042.99 
277043.11 
277043.24 
277043.36 
277043.46 
277043.57 
277043.70 
277043.82 
277043.95 
277044.06 
277044.19 
277044.32 
277044.42 
277044.53 
277044.64 
277044.75 
277044.85 
277044.96 
277045.07 
277045.18 
277045.29 
277045.40 
277045.50 
277045.63 
277045.74 
277045.85 
277045.97 
277046.08 
277046.20 
277046.31 
277046.42 
277046.53 
277046.65 
277046.77 
277046.91 
277047.01 
277047.12 
277047.23 
277047.34 
277047.45 
277047.55 
277047.67 
277047.78 
277047.90 
277048.01 
277048.12 
277048.25 
277048.38 
277048.50 
277048.62 
277048.75 
277048.88 
277049.00 
277049.12 
277049.24 
277049.39 
277049.52 
277049.64 
277049.76 
277049.88 
277049.99 
277050.12 
277050.25 
277050.37 
277050.50 
277050.62 
277050.74 
277050.87 
277050.98 
277051.11 
277051.23 
277051.34 
277051.45 
277051.57 
277051.70 
277051.82 
277051.95 
277052.06 
277052.18 
277052.30 
277052.43 
277052.57 
277052.69 
277052.82 
277052.94 
277053.06 
277053.17 
277053.30 
277053.42 
277053.54 
277053.66 
277053.79 
277053.91 
277054.03 
277054.15 
277054.27 
277054.39 
277054.53 
277054.65 
277054.77 
277054.89 
277055.01 
277055.12 
277055.24 
277055.36 
277055.49 
277055.61 
277055.73 
277055.86 
277055.98 
277056.10 
277056.23 
277056.36 
277056.47 
277056.59 
277056.72 
277056.84 
277056.96 
277057.08 
277057.21 
277057.34 
277057.47 
277057.59 
277057.71 
277057.83 
277057.96 
277058.09 
277058.21 
277058.33 
277058.45 
277058.56 
277058.67 
277058.78 
277058.90 
277059.02 
277059.14 
277059.27 
277059.39 
277059.52 
277059.65 
277059.76 
277059.87 
277060.00 
277060.11 
277060.23 
277060.35 
277060.47 
277060.59 
277060.70 
277060.82 
277060.94 
277061.06 
277061.18 
277061.31 
277061.43 
277061.55 
277061.67 
277061.78 
277061.91 
277062.04 
277062.16 
277062.27 
277062.39 
277062.51 
277062.63 
277062.76 
277062.89 
277063.01 
277063.13 
277063.25 
277063.37 
277063.49 
277063.62 
277063.73 
277063.87 
277063.99 
277064.10 
277064.22 
277064.34 
277064.47 
277064.59 
277064.71 
277064.84 
277064.95 
277065.06 
277065.19 
277065.30 
277065.42 
277065.53 
277065.65 
277065.77 
277065.89 
277066.01 
277066.13 
277066.26 
277066.38 
277066.50 
277066.62 
277066.73 
277066.85 
277066.97 
277067.08 
277067.20 
277067.32 
277067.43 
277067.55 
277067.68 
277067.80 
277067.92 
277068.04 
277068.16 
277068.28 
277068.40 
277068.52 
277068.64 
277068.76 
277068.89 
277069.01 
277069.13 
277069.25 
277069.37 
277069.49 
277069.61 
277069.73 
277069.86 
277069.98 
277070.11 
277070.23 
277070.35 
277070.47 
277070.61 
277070.72 
277070.84 
277070.96 
277071.08 
277071.20 
277071.32 
277071.43 
277071.56 
277071.67 
277071.79 
277071.91 
277072.02 
277072.14 
277072.26 
277072.38 
277072.50 
277072.61 
277072.73 
277072.85 
277072.96 
277073.09 
277073.21 
277073.32 
277073.44 
277073.57 
277073.69 
277073.81 
277073.93 
277074.06 
277074.18 
277074.31 
277074.43 
277074.55 
277074.66 
277074.79 
277074.91 
277075.02 
277075.15 
277075.26 
277075.38 
277075.49 
277075.62 
277075.76 
277075.87 
277075.99 
277076.12 
277076.24 
277076.36 
277076.48 
277076.60 
277076.72 
277076.83 
277076.96 
277077.07 
277077.21 
277077.33 
277077.46 
277077.58 
277077.69 
277077.80 
277077.92 
277078.03 
277078.14 
277078.26 
277078.39 
277078.51 
277078.64 
277078.76 
277078.88 
277079.00 
277079.12 
277079.24 
277079.38 
277079.50 
277079.63 
277079.75 
277079.87 
277079.99 
277080.10 
277080.22 
277080.35 
277080.46 
277080.58 
277080.70 
277080.82 
277080.94 
277081.07 
277081.20 
277081.32 
277081.44 
277081.56 
277081.68 
277081.81 
277081.93 
277082.05 
277082.17 
277082.29 
277082.41 
277082.52 
277082.64 
277082.76 
277082.89 
277083.01 
277083.13 
277083.25 
277083.37 
277083.49 
277083.61 
277083.72 
277083.84 
277083.97 
277084.08 
277084.20 
277084.33 
277084.45 
277084.56 
277084.69 
277084.80 
277084.93 
277085.05 
277085.17 
277085.29 
277085.41 
277085.52 
277085.64 
277085.76 
277085.88 
277086.01 
277086.13 
277086.25 
277086.37 
277086.49 
277086.61 
277086.74 
277086.86 
277086.98 
277087.09 
277087.22 
277087.34 
277087.45 
277087.57 
277087.69 
277087.81 
277087.92 
277088.04 
277088.15 
277088.28 
277088.41 
277088.53 
277088.66 
277088.78 
277088.91 
277089.03 
277089.15 
277089.26 
277089.38 
277089.50 
277089.63 
277089.74 
277089.86 
277089.98 
277090.11 
277090.23 
277090.35 
277090.47 
277090.59 
277090.72 
277090.84 
277090.95 
277091.07 
277091.19 
277091.30 
277091.43 
277091.56 
277091.68 
277091.80 
277091.92 
277092.04 
277092.16 
277092.28 
277092.40 
277092.52 
277092.66 
277092.77 
277092.90 
277093.02 
277093.14 
277093.24 
277093.36 
277093.48 
277093.60 
277093.72 
277093.85 
277093.97 
277094.10 
277094.22 
277094.33 
277094.45 
277094.58 
277094.69 
277094.81 
277094.93 
277095.05 
277095.17 
277095.28 
277095.40 
277095.53 
277095.64 
277095.76 
277095.87 
277096.02 
277096.14 
277096.25 
277096.38 
277096.50 
277096.62 
277096.74 
277096.86 
277096.99 
277097.10 
277097.22 
277097.34 
277097.46 
277097.57 
277097.69 
277097.80 
277097.93 
277098.05 
277098.17 
277098.30 
277098.42 
277098.54 
277098.66 
277098.78 
277098.89 
277099.01 
277099.14 
277099.26 
277099.37 
277099.50 
277099.62 
277099.73 
277099.85 
277099.97 
277100.09 
277100.21 
277100.33 
277100.45 
277100.58 
277100.70 
277100.82 
277100.93 
277101.06 
277101.17 
277101.29 
277101.41 
277101.53 
277101.66 
277101.77 
277101.88 
277102.00 
277102.12 
277102.23 
277102.36 
277102.47 
277102.60 
277102.72 
277102.84 
277102.99 
277103.11 
277103.23 
277103.35 
277103.47 
277103.59 
277103.72 
277103.84 
277103.96 
277104.08 
277104.19 
277104.31 
277104.42 
277104.55 
277104.68 
277104.80 
277104.92 
277105.04 
277105.16 
277105.28 
277105.40 
277105.52 
277105.64 
277105.75 
277105.87 
277105.99 
277106.11 
277106.22 
277106.34 
277106.46 
277106.58 
277106.70 
277106.81 
277106.93 
277107.05 
277107.16 
277107.27 
277107.39 
277107.50 
277107.62 
277107.75 
277107.88 
277108.00 
277108.12 
277108.24 
277108.36 
277108.47 
277108.59 
277108.71 
277108.83 
277108.95 
277109.06 
277109.18 
277109.30 
277109.43 
277109.55 
277109.67 
277109.79 
277109.91 
277110.04 
277110.17 
277110.29 
277110.41 
277110.52 
277110.63 
277110.75 
277110.86 
277110.97 
277111.09 
277111.21 
277111.33 
277111.46 
277111.57 
277111.70 
277111.82 
277111.93 
277112.05 
277112.17 
277112.29 
277112.41 
277112.54 
277112.66 
277112.78 
277112.90 
277113.02 
277113.13 
277113.25 
277113.36 
277113.48 
277113.60 
277113.72 
277113.84 
277113.96 
277114.09 
277114.22 
277114.34 
277114.46 
277114.59 
277114.71 
277114.83 
277114.95 
277115.07 
277115.19 
277115.31 
277115.43 
277115.53 
277115.65 
277115.76 
277115.88 
277116.01 
277116.13 
277116.25 
277116.37 
277116.49 
277116.60 
277116.72 
277116.84 
277116.96 
277117.07 
277117.19 
277117.32 
277117.45 
277117.57 
277117.70 
277117.83 
277117.97 
277118.10 
