# up 
274111.23 
274111.34 
274111.46 
274111.59 
274111.71 
274111.84 
274111.97 
274112.09 
274112.21 
274112.34 
274112.51 
274112.63 
274112.76 
274112.87 
274113.00 
274113.11 
274113.23 
274113.34 
274113.46 
274113.57 
274113.69 
274113.80 
274113.91 
274114.02 
274114.14 
274114.26 
274114.38 
274114.50 
274114.62 
274114.74 
274114.86 
274114.98 
274115.10 
274115.22 
274115.34 
274115.45 
274115.57 
274115.69 
274115.81 
274115.93 
274116.05 
274116.17 
274116.29 
274116.41 
274116.53 
274116.64 
274116.75 
274116.87 
274116.99 
274117.11 
274117.23 
274117.35 
274117.47 
274117.59 
274117.71 
274117.84 
274117.96 
274118.08 
274118.20 
274118.34 
274118.46 
274118.59 
274118.71 
274118.84 
274118.96 
274119.08 
274119.20 
274119.32 
274119.46 
274119.58 
274119.70 
274119.83 
274119.95 
274120.07 
274120.20 
274120.32 
274120.44 
274120.57 
274120.69 
274120.82 
274120.95 
274121.07 
274121.19 
274121.33 
274121.45 
274121.58 
274121.71 
274121.83 
274121.96 
274122.08 
274122.21 
274122.33 
274122.45 
274122.57 
274122.69 
274122.82 
274122.94 
274123.06 
274123.17 
274123.29 
274123.42 
274123.55 
274123.67 
274123.81 
274123.93 
274124.06 
274124.18 
274124.30 
274124.43 
274124.56 
274124.68 
274124.80 
274124.92 
274125.04 
274125.16 
274125.29 
274125.41 
274125.53 
274125.66 
274125.79 
274125.90 
274126.03 
274126.15 
274126.28 
274126.40 
274126.54 
274126.66 
274126.78 
274126.90 
274127.03 
274127.15 
274127.28 
274127.40 
274127.54 
274127.66 
274127.78 
274127.92 
274128.04 
274128.16 
274128.30 
274128.42 
274128.54 
274128.67 
274128.78 
274128.89 
274129.02 
274129.14 
274129.26 
274129.38 
274129.50 
274129.63 
274129.76 
274129.88 
274130.00 
274130.12 
274130.25 
274130.37 
274130.50 
274130.62 
274130.75 
274130.88 
274131.00 
274131.12 
274131.25 
274131.37 
274131.50 
274131.61 
274131.74 
274131.85 
274131.99 
274132.11 
274132.23 
274132.35 
274132.49 
274132.61 
274132.75 
274132.87 
274133.00 
274133.12 
274133.24 
274133.36 
274133.49 
274133.61 
274133.73 
274133.85 
274133.97 
274134.10 
274134.23 
274134.35 
274134.49 
274134.61 
274134.73 
274134.87 
274134.99 
274135.11 
274135.24 
274135.37 
274135.49 
274135.60 
274135.72 
274135.86 
274135.99 
274136.10 
274136.23 
274136.36 
274136.49 
274136.61 
274136.73 
274136.87 
274136.99 
274137.11 
274137.24 
274137.37 
274137.49 
274137.61 
274137.73 
274137.86 
274137.98 
274138.11 
274138.24 
274138.36 
274138.48 
274138.60 
274138.73 
274138.85 
274138.98 
274139.10 
274139.23 
274139.35 
274139.48 
274139.61 
274139.73 
274139.86 
274139.99 
274140.11 
274140.25 
274140.37 
274140.51 
274140.63 
274140.75 
274140.88 
274141.00 
274141.12 
274141.24 
274141.36 
274141.49 
274141.61 
274141.73 
274141.86 
274141.98 
274142.10 
274142.23 
274142.35 
274142.47 
274142.59 
274142.73 
274142.85 
274142.98 
274143.11 
274143.24 
274143.36 
274143.48 
274143.60 
274143.72 
274143.85 
274143.97 
274144.09 
274144.20 
274144.33 
274144.45 
274144.58 
274144.70 
274144.83 
274144.95 
274145.08 
274145.20 
274145.33 
274145.46 
274145.58 
274145.70 
274145.83 
274145.96 
274146.08 
274146.21 
274146.33 
274146.45 
274146.59 
274146.71 
274146.84 
274146.97 
274147.09 
274147.21 
274147.33 
274147.45 
274147.57 
274147.70 
274147.83 
274147.95 
274148.07 
274148.19 
274148.33 
274148.45 
274148.58 
274148.70 
274148.83 
274148.95 
274149.09 
274149.21 
274149.34 
274149.47 
274149.59 
274149.71 
274149.85 
274149.97 
274150.10 
274150.22 
274150.33 
274150.47 
274150.59 
274150.72 
274150.84 
274150.96 
274151.09 
274151.21 
274151.33 
274151.46 
274151.58 
274151.71 
274151.83 
274151.96 
274152.08 
274152.20 
274152.34 
274152.46 
274152.57 
274152.70 
274152.83 
274152.96 
274153.08 
274153.20 
274153.34 
274153.47 
274153.59 
274153.72 
274153.84 
274153.97 
274154.09 
274154.21 
274154.33 
274154.47 
274154.59 
274154.72 
274154.85 
274154.97 
274155.09 
274155.22 
274155.34 
274155.48 
274155.60 
274155.72 
274155.84 
274155.98 
274156.10 
274156.22 
274156.34 
274156.48 
274156.60 
274156.72 
274156.84 
274156.97 
274157.09 
274157.22 
274157.34 
274157.47 
274157.60 
274157.72 
274157.85 
274157.98 
274158.10 
274158.23 
274158.36 
274158.48 
274158.61 
274158.73 
274158.86 
274158.98 
274159.10 
274159.23 
274159.35 
274159.47 
274159.58 
274159.70 
274159.82 
274159.95 
274160.08 
274160.20 
274160.33 
274160.45 
274160.58 
274160.71 
274160.84 
274160.96 
274161.09 
274161.21 
274161.35 
274161.47 
274161.59 
274161.71 
274161.84 
274161.96 
274162.09 
274162.21 
274162.34 
274162.46 
274162.58 
274162.70 
274162.82 
274162.94 
274163.07 
274163.19 
274163.33 
274163.45 
274163.58 
274163.70 
274163.82 
274163.94 
274164.06 
274164.18 
274164.31 
274164.44 
274164.56 
274164.69 
274164.82 
274164.95 
274165.08 
274165.20 
274165.34 
274165.46 
274165.59 
274165.72 
274165.84 
274165.96 
274166.08 
274166.20 
274166.34 
274166.46 
274166.59 
274166.71 
274166.85 
274166.97 
274167.09 
274167.22 
274167.34 
274167.46 
274167.58 
274167.71 
274167.83 
274167.97 
274168.09 
274168.21 
274168.34 
274168.46 
274168.58 
274168.70 
274168.82 
274168.95 
274169.07 
274169.19 
274169.32 
274169.44 
274169.57 
274169.70 
274169.82 
274169.94 
274170.06 
274170.18 
274170.32 
274170.44 
274170.56 
274170.68 
274170.82 
274170.94 
274171.08 
274171.19 
274171.33 
274171.45 
274171.57 
274171.69 
274171.81 
274171.94 
274172.07 
274172.19 
274172.31 
274172.45 
274172.57 
274172.70 
274172.82 
274172.95 
274173.07 
274173.21 
274173.33 
274173.46 
274173.58 
274173.71 
274173.83 
274173.97 
274174.09 
274174.21 
274174.33 
274174.46 
274174.59 
274174.71 
274174.83 
274174.96 
274175.08 
274175.19 
274175.31 
274175.44 
274175.56 
274175.69 
274175.82 
274175.95 
274176.07 
274176.19 
274176.31 
274176.44 
274176.56 
274176.69 
274176.81 
274176.93 
274177.06 
274177.18 
274177.30 
274177.42 
274177.54 
274177.67 
274177.79 
274177.92 
274178.04 
274178.16 
274178.29 
274178.41 
274178.53 
274178.66 
274178.79 
274178.92 
274179.04 
274179.18 
274179.30 
274179.43 
274179.55 
274179.68 
274179.80 
274179.92 
274180.04 
274180.17 
274180.29 
274180.42 
274180.54 
274180.67 
274180.80 
274180.93 
274181.05 
274181.18 
274181.30 
274181.43 
274181.55 
274181.67 
274181.79 
274181.93 
274182.05 
274182.18 
274182.30 
274182.42 
274182.55 
274182.67 
274182.79 
274182.92 
274183.04 
274183.16 
274183.29 
274183.41 
274183.53 
274183.66 
274183.78 
274183.90 
274184.04 
274184.16 
274184.29 
274184.41 
274184.54 
274184.66 
274184.78 
274184.91 
274185.04 
274185.16 
274185.29 
274185.41 
274185.53 
274185.67 
274185.79 
274185.92 
274186.04 
274186.17 
274186.29 
274186.41 
274186.55 
274186.67 
274186.79 
274186.93 
274187.05 
274187.18 
274187.31 
274187.44 
274187.56 
274187.69 
274187.81 
274187.93 
274188.06 
274188.18 
274188.31 
274188.44 
274188.56 
274188.68 
274188.81 
274188.93 
274189.05 
274189.18 
274189.30 
274189.42 
274189.55 
274189.68 
274189.80 
274189.94 
274190.06 
274190.19 
274190.31 
274190.43 
274190.55 
274190.67 
274190.78 
274190.91 
274191.04 
274191.16 
274191.28 
274191.41 
274191.53 
274191.66 
274191.78 
274191.90 
274192.03 
274192.16 
274192.27 
274192.41 
274192.53 
274192.65 
274192.77 
274192.90 
274193.02 
274193.14 
274193.26 
274193.38 
274193.51 
274193.64 
274193.76 
274193.89 
274194.01 
274194.13 
274194.26 
274194.38 
274194.50 
274194.63 
274194.75 
274194.87 
274194.99 
274195.11 
274195.24 
274195.37 
274195.49 
274195.62 
274195.75 
274195.87 
274195.99 
274196.11 
274196.23 
274196.37 
274196.49 
274196.63 
274196.75 
274196.87 
274197.00 
274197.12 
274197.26 
274197.38 
274197.50 
274197.62 
274197.74 
274197.87 
274197.99 
274198.12 
274198.24 
274198.38 
274198.50 
274198.63 
274198.76 
274198.88 
274199.00 
274199.12 
274199.25 
274199.37 
274199.49 
274199.63 
274199.75 
274199.87 
274199.99 
274200.13 
274200.25 
274200.38 
274200.50 
274200.62 
274200.75 
274200.87 
274200.99 
274201.13 
274201.25 
274201.38 
274201.50 
274201.61 
274201.74 
274201.86 
274201.98 
274202.10 
274202.22 
274202.35 
274202.47 
274202.59 
274202.71 
274202.84 
274202.96 
274203.08 
274203.19 
274203.31 
274203.43 
274203.56 
274203.69 
274203.81 
274203.93 
274204.05 
274204.17 
274204.29 
274204.42 
274204.55 
274204.68 
274204.80 
274204.94 
274205.07 
274205.19 
274205.32 
274205.44 
274205.57 
274205.70 
274205.83 
274205.94 
274206.06 
274206.19 
274206.31 
274206.43 
274206.55 
274206.68 
274206.80 
274206.92 
274207.04 
274207.17 
274207.30 
274207.42 
274207.53 
274207.66 
274207.78 
274207.90 
274208.03 
274208.15 
274208.29 
274208.41 
274208.53 
274208.65 
274208.78 
274208.90 
274209.03 
274209.15 
274209.28 
274209.40 
274209.53 
274209.65 
274209.78 
274209.91 
274210.04 
274210.16 
274210.29 
274210.42 
274210.54 
274210.67 
274210.80 
274210.92 
274211.04 
274211.16 
274211.30 
274211.42 
274211.54 
274211.67 
274211.79 
274211.91 
274212.05 
274212.17 
274212.30 
274212.43 
274212.56 
274212.68 
274212.81 
274212.94 
274213.06 
274213.19 
274213.31 
274213.43 
274213.57 
274213.69 
274213.82 
274213.95 
274214.07 
274214.19 
274214.31 
274214.44 
274214.56 
274214.69 
274214.81 
274214.93 
274215.07 
274215.19 
274215.31 
274215.44 
274215.56 
274215.69 
274215.82 
274215.95 
274216.07 
274216.19 
274216.31 
274216.45 
274216.57 
274216.69 
274216.83 
274216.95 
274217.08 
274217.20 
274217.34 
274217.46 
274217.58 
274217.71 
274217.83 
274217.95 
274218.08 
274218.20 
274218.34 
274218.46 
274218.59 
274218.71 
274218.84 
274218.96 
274219.08 
274219.21 
274219.33 
274219.46 
274219.59 
274219.71 
274219.83 
274219.95 
274220.09 
274220.21 
274220.34 
274220.47 
274220.59 
274220.72 
274220.84 
274220.96 
274221.09 
274221.22 
274221.33 
274221.46 
274221.57 
274221.70 
274221.82 
274221.95 
274222.07 
274222.19 
274222.33 
274222.45 
274222.57 
274222.70 
274222.82 
274222.95 
274223.08 
274223.20 
274223.34 
274223.46 
274223.58 
274223.71 
274223.84 
274223.96 
274224.09 
274224.21 
274224.33 
274224.46 
274224.58 
274224.72 
274224.85 
274224.97 
274225.10 
274225.22 
274225.35 
274225.47 
274225.60 
274225.72 
274225.86 
274225.98 
274226.11 
274226.23 
274226.35 
274226.49 
274226.61 
274226.75 
274226.87 
274226.99 
274227.11 
274227.25 
274227.37 
274227.50 
274227.62 
274227.75 
274227.87 
274228.01 
274228.13 
274228.26 
274228.38 
274228.51 
274228.64 
274228.76 
274228.88 
274229.01 
274229.14 
274229.27 
274229.39 
274229.52 
274229.64 
274229.77 
274229.89 
274230.01 
274230.14 
274230.27 
274230.39 
274230.51 
274230.63 
274230.77 
274230.89 
274231.02 
274231.14 
274231.26 
274231.38 
274231.51 
274231.64 
274231.76 
274231.88 
274232.01 
274232.13 
274232.26 
274232.39 
274232.51 
274232.63 
274232.75 
274232.89 
274233.01 
274233.14 
274233.26 
274233.38 
274233.50 
274233.62 
274233.74 
274233.86 
274233.99 
274234.11 
274234.23 
274234.36 
274234.48 
274234.60 
274234.73 
274234.86 
274234.98 
274235.10 
274235.23 
274235.35 
274235.49 
274235.61 
274235.73 
274235.85 
274235.97 
274236.10 
274236.23 
274236.34 
274236.48 
274236.60 
274236.73 
274236.85 
274236.98 
274237.10 
274237.24 
274237.36 
274237.49 
274237.61 
274237.73 
274237.85 
274237.98 
274238.11 
274238.23 
274238.35 
274238.48 
274238.60 
274238.72 
274238.85 
274238.97 
274239.10 
274239.22 
274239.34 
274239.46 
274239.58 
274239.70 
274239.83 
274239.95 
274240.07 
274240.19 
274240.32 
274240.44 
274240.58 
274240.70 
274240.83 
274240.95 
274241.08 
274241.20 
274241.33 
274241.45 
274241.58 
274241.71 
274241.83 
274241.95 
274242.07 
274242.19 
274242.32 
274242.43 
274242.57 
274242.69 
274242.81 
274242.93 
274243.06 
274243.19 
274243.31 
274243.43 
274243.55 
274243.69 
274243.81 
274243.94 
274244.06 
274244.19 
274244.31 
274244.45 
274244.57 
274244.70 
274244.83 
274244.96 
274245.08 
274245.20 
274245.32 
274245.46 
274245.58 
274245.71 
274245.83 
274245.95 
274246.07 
274246.21 
274246.33 
274246.45 
274246.57 
274246.70 
274246.82 
274246.94 
274247.07 
274247.19 
274247.32 
274247.44 
274247.57 
274247.69 
274247.81 
274247.93 
274248.05 
274248.18 
274248.30 
274248.43 
274248.56 
274248.69 
274248.81 
274248.94 
274249.08 
274249.20 
274249.32 
274249.44 
274249.56 
274249.69 
274249.81 
274249.94 
274250.06 
274250.19 
274250.33 
274250.45 
274250.57 
274250.69 
274250.82 
274250.95 
274251.07 
274251.19 
274251.31 
274251.45 
274251.57 
274251.70 
274251.82 
274251.95 
274252.08 
274252.20 
274252.32 
274252.44 
274252.56 
274252.67 
274252.81 
274252.93 
274253.05 
274253.18 
274253.31 
274253.43 
274253.56 
274253.68 
274253.82 
274253.94 
274254.07 
274254.18 
274254.32 
274254.44 
274254.57 
274254.69 
274254.81 
274254.95 
274255.07 
274255.19 
274255.31 
274255.44 
274255.56 
274255.69 
274255.81 
274255.94 
274256.07 
274256.20 
274256.32 
274256.45 
274256.57 
274256.69 
274256.82 
274256.95 
274257.07 
274257.19 
274257.32 
274257.44 
274257.56 
274257.68 
274257.82 
274257.94 
274258.06 
274258.19 
274258.32 
274258.44 
274258.56 
274258.68 
274258.81 
274258.95 
274259.07 
274259.19 
274259.32 
274259.44 
274259.57 
274259.69 
274259.82 
274259.95 
274260.07 
274260.19 
274260.32 
274260.44 
274260.56 
274260.68 
274260.81 
274260.93 
274261.06 
274261.18 
274261.31 
274261.44 
274261.56 
274261.69 
274261.81 
274261.94 
274262.06 
274262.19 
274262.31 
274262.45 
274262.57 
274262.69 
274262.83 
274262.95 
274263.07 
274263.20 
274263.32 
274263.44 
274263.58 
274263.70 
274263.82 
274263.94 
274264.06 
274264.18 
274264.31 
274264.44 
274264.56 
274264.68 
274264.80 
274264.93 
274265.05 
274265.18 
274265.31 
274265.43 
274265.56 
274265.68 
274265.80 
274265.94 
274266.06 
274266.19 
274266.31 
274266.43 
274266.55 
274266.67 
274266.81 
274266.93 
274267.06 
274267.19 
274267.31 
274267.43 
274267.55 
274267.67 
274267.79 
274267.91 
274268.04 
274268.16 
274268.28 
274268.42 
274268.54 
274268.67 
274268.80 
274268.92 
274269.04 
274269.16 
274269.29 
274269.41 
274269.53 
274269.65 
274269.78 
274269.90 
274270.03 
274270.15 
274270.27 
274270.40 
274270.52 
274270.65 
274270.77 
274270.89 
274271.03 
274271.15 
274271.28 
274271.39 
274271.52 
274271.64 
274271.78 
274271.90 
274272.03 
274272.15 
274272.29 
274272.41 
274272.53 
274272.65 
274272.77 
274272.90 
274273.03 
274273.15 
274273.29 
274273.41 
274273.54 
274273.67 
274273.80 
274273.92 
274274.06 
274274.18 
274274.31 
274274.44 
274274.56 
274274.70 
274274.82 
274274.94 
274275.07 
274275.19 
274275.32 
274275.44 
274275.57 
274275.70 
274275.83 
274275.96 
274276.08 
274276.22 
274276.34 
274276.46 
274276.58 
274276.70 
274276.83 
274276.95 
274277.07 
274277.19 
274277.33 
274277.45 
274277.58 
274277.70 
274277.83 
274277.95 
274278.09 
274278.21 
274278.33 
274278.46 
274278.58 
274278.71 
274278.84 
274278.96 
274279.08 
274279.21 
274279.33 
274279.46 
274279.58 
274279.71 
274279.83 
274279.97 
274280.09 
274280.21 
274280.33 
274280.46 
274280.58 
274280.70 
274280.83 
274280.96 
274281.09 
274281.21 
274281.33 
274281.45 
274281.57 
274281.70 
274281.83 
274281.96 
274282.08 
274282.20 
274282.32 
274282.46 
274282.58 
274282.71 
274282.83 
274282.97 
274283.09 
274283.21 
274283.33 
274283.46 
274283.58 
274283.71 
274283.83 
274283.96 
274284.08 
274284.20 
274284.32 
274284.46 
274284.58 
274284.70 
274284.83 
274284.96 
274285.08 
274285.22 
274285.34 
274285.47 
274285.60 
274285.72 
274285.84 
274285.97 
274286.09 
274286.22 
274286.35 
274286.47 
274286.59 
274286.73 
274286.85 
274286.98 
274287.10 
274287.23 
274287.35 
274287.47 
274287.61 
274287.73 
274287.87 
274287.99 
274288.11 
274288.25 
274288.37 
274288.50 
274288.62 
274288.75 
274288.88 
274288.99 
274289.13 
274289.25 
274289.38 
274289.50 
274289.63 
274289.76 
274289.88 
274290.00 
274290.12 
274290.26 
274290.39 
274290.51 
274290.63 
274290.77 
274290.90 
274291.02 
274291.14 
274291.26 
274291.38 
274291.50 
274291.63 
274291.75 
274291.88 
274292.00 
274292.12 
274292.25 
274292.37 
274292.51 
274292.63 
274292.75 
274292.87 
274292.99 
274293.12 
274293.25 
274293.37 
274293.50 
274293.62 
274293.74 
274293.87 
274293.99 
274294.12 
274294.24 
274294.37 
274294.49 
274294.61 
274294.73 
274294.85 
274294.98 
274295.11 
274295.23 
274295.35 
274295.48 
274295.60 
274295.73 
274295.85 
274295.97 
274296.09 
274296.22 
274296.35 
274296.48 
274296.59 
274296.73 
274296.86 
274296.99 
274297.11 
274297.23 
274297.37 
274297.49 
274297.62 
274297.75 
274297.88 
274298.00 
274298.13 
274298.25 
274298.38 
274298.51 
274298.64 
274298.76 
274298.88 
274299.00 
274299.12 
274299.25 
274299.38 
274299.50 
274299.62 
274299.75 
274299.87 
274299.99 
274300.13 
274300.25 
274300.38 
274300.51 
274300.63 
274300.75 
274300.87 
274300.99 
274301.11 
274301.24 
274301.36 
274301.49 
274301.61 
274301.74 
274301.87 
274301.99 
274302.12 
274302.24 
274302.37 
274302.50 
274302.62 
274302.74 
274302.87 
274303.00 
274303.12 
274303.25 
274303.37 
274303.50 
274303.62 
274303.75 
274303.87 
274303.99 
274304.13 
274304.25 
274304.38 
274304.50 
274304.62 
274304.74 
274304.86 
274304.98 
274305.10 
274305.23 
274305.35 
274305.48 
274305.60 
274305.73 
274305.85 
274305.98 
274306.10 
274306.23 
274306.35 
274306.48 
274306.60 
274306.73 
274306.85 
274306.97 
274307.09 
274307.22 
274307.35 
274307.48 
274307.61 
274307.73 
274307.85 
274307.97 
274308.09 
274308.23 
274308.35 
274308.47 
274308.59 
274308.73 
274308.85 
274308.98 
274309.10 
274309.23 
274309.36 
274309.48 
274309.60 
274309.72 
274309.86 
274309.98 
274310.11 
274310.23 
274310.36 
274310.48 
274310.60 
274310.72 
274310.87 
274310.99 
274311.12 
274311.24 
274311.37 
274311.49 
274311.61 
274311.73 
274311.86 
274311.99 
274312.12 
274312.24 
274312.37 
274312.49 
274312.61 
274312.73 
274312.85 
274312.98 
274313.10 
274313.23 
274313.35 
274313.47 
274313.59 
274313.71 
274313.84 
274313.96 
274314.08 
274314.19 
274314.32 
274314.44 
274314.57 
274314.70 
274314.82 
274314.95 
274315.07 
274315.19 
274315.31 
274315.45 
274315.57 
274315.69 
274315.82 
274315.95 
274316.08 
274316.20 
274316.32 
274316.44 
274316.56 
274316.69 
274316.81 
274316.94 
274317.07 
274317.19 
274317.32 
274317.44 
274317.56 
274317.68 
274317.80 
274317.93 
274318.05 
274318.18 
274318.30 
274318.43 
274318.56 
274318.68 
274318.81 
274318.93 
274319.06 
274319.18 
274319.30 
274319.43 
274319.56 
274319.68 
274319.80 
274319.94 
274320.06 
274320.18 
274320.31 
274320.44 
274320.56 
274320.68 
274320.80 
274320.94 
274321.06 
274321.19 
274321.32 
274321.44 
274321.56 
274321.69 
274321.81 
274321.93 
274322.05 
274322.18 
274322.30 
274322.43 
274322.55 
274322.67 
274322.80 
274322.93 
274323.05 
274323.18 
274323.30 
274323.42 
274323.55 
274323.67 
274323.81 
274323.93 
274324.06 
274324.18 
274324.30 
274324.42 
274324.54 
274324.66 
274324.79 
274324.91 
274325.05 
274325.17 
274325.30 
274325.42 
274325.54 
274325.67 
274325.79 
274325.92 
274326.04 
274326.16 
274326.29 
274326.41 
274326.53 
274326.66 
274326.78 
274326.91 
274327.03 
274327.15 
274327.28 
274327.40 
274327.52 
274327.65 
274327.78 
274327.91 
274328.03 
274328.16 
274328.28 
274328.42 
274328.54 
274328.67 
274328.80 
274328.92 
274329.06 
274329.18 
274329.31 
274329.43 
274329.56 
274329.68 
274329.80 
274329.92 
274330.06 
274330.18 
274330.31 
274330.43 
274330.56 
274330.68 
274330.80 
274330.93 
274331.06 
274331.18 
274331.31 
274331.43 
274331.56 
274331.68 
274331.81 
274331.93 
274332.06 
274332.19 
274332.31 
274332.43 
274332.55 
274332.68 
274332.80 
274332.93 
274333.05 
274333.18 
274333.30 
274333.43 
274333.56 
274333.68 
274333.80 
274333.92 
274334.04 
274334.16 
274334.28 
274334.40 
274334.52 
274334.64 
274334.77 
274334.90 
274335.03 
274335.15 
274335.29 
274335.41 
274335.53 
274335.66 
274335.78 
274335.90 
274336.03 
274336.16 
274336.28 
274336.41 
274336.53 
274336.66 
274336.79 
274336.91 
274337.03 
274337.16 
274337.28 
274337.41 
274337.54 
274337.66 
274337.78 
274337.91 
274338.04 
274338.16 
274338.29 
274338.41 
274338.54 
274338.66 
274338.79 
274338.91 
274339.03 
274339.15 
274339.27 
274339.41 
274339.53 
274339.66 
274339.78 
274339.90 
274340.03 
274340.16 
274340.28 
274340.40 
274340.53 
274340.66 
274340.78 
274340.91 
274341.04 
274341.16 
274341.30 
274341.42 
274341.54 
274341.67 
274341.79 
274341.92 
274342.04 
274342.18 
274342.30 
274342.43 
274342.56 
274342.68 
274342.80 
274342.92 
274343.04 
274343.17 
274343.29 
274343.41 
274343.53 
274343.67 
274343.79 
274343.91 
274344.04 
274344.17 
274344.30 
274344.42 
274344.55 
274344.68 
274344.80 
274344.92 
274345.03 
274345.15 
274345.26 
274345.39 
274345.51 
274345.65 
274345.77 
274345.90 
274346.02 
274346.14 
274346.26 
274346.39 
274346.51 
274346.63 
274346.76 
274346.88 
274347.01 
274347.13 
274347.26 
274347.39 
274347.51 
274347.63 
274347.77 
274347.89 
274348.02 
274348.15 
274348.27 
274348.39 
274348.52 
274348.64 
274348.77 
274348.90 
274349.02 
274349.14 
274349.27 
274349.39 
274349.52 
274349.65 
274349.77 
274349.90 
274350.03 
274350.16 
274350.28 
274350.40 
274350.52 
274350.66 
274350.78 
274350.91 
274351.03 
274351.17 
274351.29 
274351.42 
274351.55 
274351.68 
274351.80 
274351.94 
274352.07 
274352.18 
274352.30 
274352.43 
274352.55 
274352.67 
274352.79 
274352.93 
274353.05 
274353.18 
274353.30 
274353.42 
274353.54 
274353.67 
274353.80 
274353.93 
274354.05 
274354.18 
274354.30 
274354.43 
274354.55 
274354.67 
274354.79 
274354.91 
274355.04 
274355.16 
274355.29 
274355.41 
274355.53 
274355.66 
274355.78 
274355.90 
274356.03 
274356.16 
274356.28 
274356.42 
274356.54 
274356.67 
274356.78 
274356.91 
274357.04 
274357.16 
274357.28 
274357.40 
274357.54 
274357.66 
274357.78 
274357.91 
274358.04 
274358.16 
274358.29 
274358.41 
274358.55 
274358.67 
274358.79 
274358.91 
274359.05 
274359.17 
274359.30 
274359.43 
274359.56 
274359.67 
274359.80 
274359.92 
274360.06 
274360.18 
274360.30 
274360.42 
274360.53 
274360.65 
274360.77 
274360.89 
274361.02 
274361.14 
274361.27 
274361.39 
274361.51 
274361.63 
274361.75 
274361.89 
274362.01 
274362.14 
274362.27 
274362.39 
274362.52 
274362.64 
274362.76 
274362.89 
274363.01 
274363.13 
274363.26 
274363.38 
274363.51 
274363.63 
274363.76 
274363.88 
274364.00 
274364.12 
274364.24 
274364.37 
274364.49 
274364.62 
274364.74 
274364.87 
274364.98 
274365.10 
274365.24 
274365.36 
274365.48 
274365.62 
274365.74 
274365.87 
274366.00 
274366.12 
274366.24 
274366.37 
274366.51 
274366.63 
274366.75 
274366.87 
274366.99 
274367.11 
274367.23 
274367.36 
274367.48 
274367.60 
274367.74 
274367.86 
274367.98 
274368.11 
274368.24 
274368.36 
274368.49 
274368.61 
274368.73 
274368.87 
274368.99 
274369.12 
274369.24 
274369.37 
274369.49 
274369.62 
274369.74 
274369.87 
274369.99 
274370.12 
274370.24 
274370.36 
274370.49 
274370.61 
274370.74 
274370.87 
274371.00 
274371.12 
274371.25 
274371.37 
274371.50 
274371.63 
274371.76 
274371.88 
274372.00 
274372.12 
274372.24 
274372.36 
274372.49 
274372.61 
274372.73 
274372.87 
274372.99 
274373.11 
274373.23 
274373.37 
274373.49 
274373.63 
274373.75 
274373.87 
274374.00 
274374.13 
274374.25 
274374.37 
274374.50 
274374.62 
274374.75 
274374.87 
274375.01 
274375.13 
274375.27 
274375.39 
274375.51 
274375.63 
274375.75 
274375.89 
274376.00 
274376.12 
274376.24 
274376.37 
274376.49 
274376.62 
274376.75 
274376.88 
274377.00 
274377.14 
274377.26 
274377.39 
274377.52 
274377.64 
274377.76 
274377.88 
274378.00 
274378.12 
274378.26 
274378.38 
274378.51 
274378.63 
274378.76 
274378.88 
274379.00 
274379.13 
274379.25 
274379.38 
274379.50 
274379.63 
274379.76 
274379.89 
274380.01 
274380.13 
274380.26 
274380.38 
274380.50 
274380.63 
274380.76 
274380.88 
274381.00 
274381.13 
274381.26 
274381.38 
274381.50 
274381.63 
274381.74 
274381.88 
274382.00 
274382.13 
274382.26 
274382.39 
274382.51 
274382.63 
274382.76 
274382.88 
274383.00 
274383.13 
274383.25 
274383.38 
274383.51 
274383.64 
274383.76 
274383.89 
274384.01 
274384.13 
274384.26 
274384.39 
274384.51 
274384.65 
274384.77 
274384.89 
274385.01 
274385.14 
274385.26 
274385.38 
274385.51 
274385.64 
274385.76 
274385.89 
274386.01 
274386.13 
274386.26 
274386.38 
274386.51 
274386.64 
274386.76 
274386.88 
274387.01 
274387.14 
274387.27 
274387.39 
274387.51 
274387.65 
274387.77 
274387.90 
274388.03 
274388.15 
274388.27 
274388.41 
274388.53 
274388.66 
274388.78 
274388.91 
274389.03 
274389.16 
274389.28 
274389.41 
274389.54 
274389.66 
274389.78 
274389.90 
274390.03 
274390.15 
274390.28 
274390.41 
274390.53 
274390.66 
274390.79 
274390.91 
274391.03 
274391.17 
274391.30 
274391.41 
274391.53 
274391.65 
274391.77 
274391.89 
274392.02 
274392.14 
274392.28 
274392.40 
274392.52 
274392.66 
274392.78 
274392.91 
274393.03 
274393.15 
274393.27 
274393.40 
274393.52 
274393.65 
274393.77 
274393.90 
274394.03 
274394.16 
274394.28 
274394.40 
274394.53 
274394.66 
274394.79 
274394.91 
274395.05 
274395.17 
274395.31 
274395.43 
274395.56 
274395.68 
274395.80 
274395.92 
274396.06 
274396.18 
274396.31 
274396.43 
274396.56 
274396.68 
274396.81 
274396.93 
274397.05 
274397.18 
274397.30 
274397.41 
274397.54 
274397.67 
274397.80 
274397.91 
274398.05 
274398.17 
274398.30 
274398.43 
274398.56 
274398.68 
274398.80 
274398.93 
274399.05 
274399.18 
274399.30 
274399.43 
274399.55 
274399.67 
274399.79 
274399.93 
274400.05 
274400.18 
274400.30 
274400.43 
274400.55 
274400.69 
274400.81 
274400.94 
274401.07 
274401.19 
274401.31 
274401.45 
274401.57 
274401.69 
274401.80 
274401.93 
274402.05 
274402.17 
274402.27 
274402.40 
274402.51 
274402.63 
274402.75 
274402.86 
274402.97 
274403.09 
274403.20 
274403.32 
274403.43 
274403.55 
274403.66 
274403.77 
274403.89 
274404.00 
274404.12 
274404.23 
274404.34 
274404.46 
274404.57 
274404.69 
274404.80 
274404.92 
274405.03 
274405.14 
274405.24 
274405.35 
274405.47 
274405.58 
274405.69 
274405.81 
274405.93 
274406.05 
274406.15 
274406.27 
274406.38 
274406.49 
274406.61 
274406.72 
274406.84 
274406.95 
274407.07 
274407.18 
274407.30 
274407.41 
274407.54 
274407.66 
274407.77 
274407.89 
274408.00 
274408.12 
274408.23 
274408.33 
274408.44 
274408.57 
274408.67 
274408.79 
274408.90 
274409.02 
274409.13 
274409.25 
274409.37 
274409.51 
274409.63 
274409.80 
274409.93 
274410.05 
274410.16 
274410.27 
274410.39 
274410.51 
274410.62 
274410.74 
274410.85 
274410.96 
274411.07 
274411.20 
274411.31 
274411.44 
274411.56 
274411.67 
274411.78 
274411.90 
274412.02 
274412.14 
274412.25 
274412.36 
274412.48 
274412.59 
274412.70 
274412.82 
274412.94 
274413.05 
274413.18 
274413.29 
274413.41 
274413.53 
274413.65 
274413.77 
274413.88 
274414.00 
274414.13 
274414.23 
274414.36 
274414.48 
274414.60 
274414.71 
274414.84 
274414.96 
274415.09 
274415.20 
274415.32 
274415.43 
274415.56 
274415.67 
274415.79 
274415.90 
274416.01 
274416.13 
274416.25 
274416.38 
274416.49 
274416.61 
274416.73 
274416.86 
274416.97 
274417.09 
274417.21 
274417.32 
274417.44 
274417.57 
274417.69 
274417.79 
274417.91 
274418.03 
274418.15 
274418.26 
274418.38 
274418.50 
274418.61 
274418.73 
274418.85 
274418.96 
274419.08 
274419.20 
274419.32 
274419.43 
274419.55 
274419.66 
274419.78 
274419.91 
274420.02 
274420.13 
274420.25 
274420.36 
274420.48 
274420.60 
274420.72 
274420.83 
274420.96 
274421.08 
274421.20 
274421.32 
274421.44 
274421.55 
274421.68 
274421.79 
274421.91 
274422.03 
274422.14 
274422.26 
274422.37 
274422.48 
274422.59 
274422.71 
274422.83 
274422.95 
274423.07 
274423.18 
274423.30 
274423.42 
274423.53 
274423.65 
274423.76 
274423.89 
274424.01 
274424.13 
274424.24 
274424.37 
274424.48 
274424.61 
274424.72 
274424.85 
274424.96 
274425.08 
274425.20 
274425.32 
274425.43 
274425.55 
274425.67 
274425.78 
274425.90 
274426.02 
274426.14 
274426.25 
274426.37 
274426.48 
274426.60 
274426.72 
274426.84 
274426.95 
274427.07 
274427.18 
274427.30 
274427.42 
274427.53 
274427.64 
274427.76 
274427.87 
274427.99 
274428.10 
274428.22 
274428.34 
274428.46 
274428.58 
274428.70 
274428.82 
274428.94 
274429.06 
274429.18 
274429.30 
274429.42 
274429.54 
274429.65 
274429.76 
274429.89 
274430.01 
274430.12 
274430.24 
274430.36 
274430.47 
274430.58 
274430.70 
274430.82 
274430.93 
274431.04 
274431.16 
274431.27 
274431.39 
274431.51 
274431.62 
274431.74 
274431.86 
274431.97 
274432.10 
274432.21 
274432.33 
274432.45 
274432.56 
274432.69 
274432.81 
274432.93 
274433.05 
274433.17 
274433.29 
274433.40 
274433.53 
274433.65 
274433.76 
274433.88 
274434.00 
274434.11 
274434.23 
274434.34 
274434.46 
274434.59 
274434.71 
274434.84 
274434.95 
274435.07 
274435.18 
274435.29 
274435.41 
274435.53 
274435.65 
274435.77 
274435.88 
274435.99 
274436.13 
274436.24 
274436.36 
274436.48 
274436.59 
274436.70 
274436.83 
274436.94 
274437.07 
274437.19 
274437.32 
274437.43 
274437.54 
274437.66 
274437.79 
274437.90 
274438.02 
274438.14 
274438.26 
274438.37 
274438.49 
274438.60 
274438.71 
274438.83 
274438.95 
274439.06 
274439.18 
274439.30 
274439.42 
274439.54 
274439.66 
274439.77 
274439.88 
274440.00 
274440.12 
274440.25 
274440.37 
274440.48 
274440.60 
274440.71 
274440.83 
274440.95 
274441.07 
274441.18 
274441.30 
274441.41 
274441.53 
274441.64 
274441.77 
274441.89 
274442.02 
274442.13 
274442.24 
274442.36 
274442.49 
274442.60 
274442.72 
274442.84 
274442.95 
274443.08 
274443.20 
274443.31 
274443.43 
274443.55 
274443.66 
274443.78 
274443.89 
274444.02 
274444.13 
274444.25 
274444.37 
274444.49 
274444.61 
274444.72 
274444.83 
274444.96 
274445.06 
274445.19 
274445.31 
274445.43 
274445.55 
274445.66 
274445.77 
274445.89 
274446.01 
274446.12 
274446.24 
274446.35 
274446.47 
274446.59 
274446.71 
274446.83 
274446.95 
274447.06 
274447.18 
274447.30 
274447.41 
274447.53 
274447.65 
274447.76 
274447.89 
274448.00 
274448.12 
274448.24 
274448.35 
274448.47 
274448.58 
274448.70 
274448.82 
274448.93 
274449.05 
274449.17 
274449.29 
274449.41 
274449.52 
274449.64 
274449.76 
274449.88 
274450.00 
274450.12 
274450.24 
274450.35 
274450.48 
274450.60 
274450.71 
274450.82 
274450.94 
274451.05 
274451.17 
274451.29 
274451.40 
274451.51 
274451.63 
274451.75 
274451.87 
274451.99 
274452.11 
274452.23 
274452.35 
274452.47 
274452.59 
274452.71 
274452.83 
274452.95 
274453.06 
274453.17 
274453.29 
274453.41 
274453.53 
274453.65 
274453.76 
274453.89 
274454.01 
274454.13 
274454.25 
274454.37 
274454.49 
274454.61 
274454.72 
274454.83 
274454.95 
274455.06 
274455.18 
274455.29 
274455.41 
274455.52 
274455.64 
274455.76 
274455.88 
274456.00 
274456.11 
274456.23 
274456.34 
274456.47 
274456.59 
274456.70 
274456.81 
274456.92 
274457.04 
274457.16 
274457.27 
274457.39 
274457.51 
274457.62 
274457.73 
274457.86 
274457.97 
274458.09 
274458.21 
274458.33 
274458.45 
274458.58 
274458.70 
274458.81 
274458.93 
274459.04 
274459.17 
274459.28 
274459.39 
274459.50 
274459.62 
274459.74 
274459.85 
274459.97 
274460.09 
274460.21 
274460.32 
274460.44 
274460.56 
274460.68 
274460.80 
274460.92 
274461.03 
274461.15 
274461.27 
274461.38 
274461.50 
274461.61 
274461.73 
274461.85 
274461.97 
274462.09 
274462.22 
274462.33 
274462.45 
274462.58 
274462.68 
274462.80 
274462.92 
274463.04 
274463.16 
274463.28 
274463.39 
274463.51 
274463.62 
274463.74 
274463.86 
274463.97 
274464.09 
274464.20 
274464.32 
274464.43 
274464.54 
274464.66 
274464.78 
274464.90 
274465.02 
274465.14 
274465.27 
274465.39 
274465.52 
274465.63 
274465.75 
274465.88 
274466.01 
274466.13 
274466.26 
274466.38 
274466.50 
274466.62 
274466.76 
274466.88 
274467.00 
274467.13 
274467.25 
274467.37 
274467.48 
274467.61 
274467.73 
274467.86 
274467.98 
274468.10 
274468.22 
274468.35 
274468.48 
274468.60 
274468.74 
274468.86 
274468.99 
274469.11 
274469.25 
274469.38 
274469.51 
274469.63 
274469.76 
274469.89 
274470.01 
274470.13 
274470.26 
274470.38 
274470.51 
274470.63 
274470.75 
274470.88 
274471.00 
274471.12 
274471.25 
274471.37 
274471.50 
274471.63 
274471.76 
274471.88 
274472.00 
274472.12 
274472.25 
274472.37 
274472.50 
274472.62 
274472.75 
274472.88 
274473.00 
274473.12 
274473.26 
274473.38 
274473.51 
274473.63 
274473.77 
274473.89 
274474.00 
274474.12 
274474.25 
274474.39 
274474.51 
274474.63 
274474.77 
274474.89 
274475.01 
274475.13 
274475.24 
274475.36 
274475.49 
274475.61 
274475.74 
274475.86 
274475.98 
274476.11 
274476.23 
274476.37 
274476.49 
274476.61 
274476.73 
274476.86 
274476.98 
274477.11 
274477.24 
274477.36 
274477.48 
274477.61 
274477.73 
274477.86 
274477.98 
274478.10 
274478.23 
274478.35 
274478.48 
274478.60 
274478.72 
274478.84 
274478.97 
274479.09 
274479.22 
274479.34 
274479.47 
274479.59 
274479.73 
274479.85 
274479.98 
274480.10 
274480.23 
274480.35 
274480.48 
274480.61 
274480.73 
274480.87 
274480.99 
274481.13 
274481.25 
274481.38 
274481.50 
274481.62 
274481.75 
274481.88 
274482.00 
274482.14 
274482.26 
274482.38 
274482.52 
274482.63 
274482.75 
274482.87 
274483.00 
274483.11 
274483.25 
274483.37 
274483.50 
274483.62 
274483.75 
274483.88 
274484.00 
274484.14 
274484.26 
274484.38 
274484.51 
274484.63 
274484.77 
274484.90 
274485.02 
274485.14 
274485.27 
274485.39 
274485.51 
274485.63 
274485.77 
274485.89 
274486.02 
274486.14 
274486.26 
274486.38 
274486.50 
274486.63 
274486.76 
274486.89 
274487.01 
274487.14 
274487.27 
274487.40 
274487.52 
274487.66 
274487.78 
274487.90 
274488.03 
274488.15 
274488.28 
274488.40 
274488.52 
274488.64 
274488.78 
274488.90 
274489.03 
274489.15 
274489.27 
274489.39 
274489.51 
274489.64 
274489.77 
274489.89 
274490.01 
274490.13 
274490.27 
274490.39 
274490.52 
274490.64 
274490.76 
274490.89 
274491.01 
274491.14 
274491.27 
274491.39 
274491.52 
274491.63 
274491.77 
274491.89 
274492.02 
274492.15 
274492.28 
274492.40 
274492.54 
274492.66 
274492.77 
274492.89 
274493.02 
274493.15 
274493.27 
274493.40 
274493.52 
274493.65 
274493.77 
274493.90 
274494.03 
274494.16 
274494.28 
274494.40 
274494.52 
274494.65 
274494.78 
274494.90 
274495.03 
274495.15 
274495.27 
274495.40 
274495.53 
274495.65 
274495.78 
274495.90 
274496.02 
274496.14 
274496.27 
274496.38 
274496.51 
274496.63 
274496.75 
274496.88 
274497.00 
274497.12 
274497.26 
274497.38 
274497.50 
274497.62 
274497.75 
274497.87 
274498.00 
274498.11 
274498.23 
274498.36 
274498.48 
274498.61 
274498.73 
274498.86 
274498.98 
274499.11 
274499.23 
274499.35 
274499.48 
274499.60 
274499.73 
274499.86 
274499.98 
274500.09 
274500.22 
274500.35 
274500.47 
274500.60 
274500.72 
274500.85 
274500.97 
274501.10 
274501.23 
274501.35 
274501.48 
274501.60 
274501.74 
274501.86 
274501.99 
274502.11 
274502.23 
274502.35 
274502.47 
274502.59 
274502.71 
274502.85 
274502.97 
274503.10 
274503.22 
274503.35 
274503.47 
274503.59 
274503.71 
274503.83 
274503.97 
274504.09 
274504.21 
274504.33 
274504.46 
274504.58 
274504.70 
274504.82 
274504.95 
274505.07 
274505.19 
274505.31 
274505.43 
274505.55 
274505.69 
274505.81 
274505.93 
274506.06 
274506.19 
274506.32 
274506.44 
274506.56 
274506.68 
274506.82 
274506.94 
274507.07 
274507.19 
274507.31 
274507.44 
274507.56 
274507.68 
274507.80 
274507.92 
274508.05 
274508.18 
274508.30 
274508.42 
274508.55 
274508.68 
274508.81 
274508.93 
274509.06 
274509.18 
274509.30 
274509.43 
274509.55 
274509.68 
274509.80 
274509.92 
274510.06 
274510.18 
274510.31 
274510.43 
274510.56 
274510.69 
274510.81 
274510.93 
274511.05 
274511.18 
274511.31 
274511.44 
274511.56 
274511.70 
274511.82 
274511.95 
274512.07 
274512.19 
274512.31 
274512.45 
274512.57 
274512.69 
274512.82 
274512.95 
274513.07 
274513.19 
274513.31 
274513.45 
274513.57 
274513.69 
274513.82 
274513.93 
274514.06 
274514.18 
274514.30 
274514.43 
274514.55 
274514.68 
274514.80 
274514.94 
274515.06 
274515.19 
274515.31 
274515.43 
274515.55 
274515.67 
274515.79 
274515.92 
274516.04 
274516.18 
274516.30 
274516.43 
274516.56 
274516.68 
274516.80 
274516.92 
274517.06 
274517.18 
274517.31 
274517.43 
274517.56 
274517.68 
274517.81 
274517.93 
274518.06 
274518.19 
274518.31 
274518.43 
274518.57 
274518.69 
274518.81 
274518.93 
274519.05 
274519.18 
274519.30 
274519.43 
274519.56 
274519.68 
274519.82 
274519.94 
274520.07 
274520.19 
274520.30 
274520.42 
274520.54 
274520.66 
274520.79 
274520.92 
274521.05 
274521.17 
274521.29 
274521.43 
274521.55 
274521.68 
274521.80 
274521.92 
274522.04 
274522.16 
274522.30 
274522.42 
274522.55 
274522.67 
274522.79 
274522.92 
274523.04 
274523.16 
274523.29 
274523.41 
274523.53 
274523.65 
274523.77 
274523.90 
274524.02 
274524.14 
274524.26 
274524.38 
274524.51 
274524.64 
274524.77 
274524.89 
274525.01 
274525.13 
274525.25 
274525.38 
274525.50 
274525.62 
274525.75 
274525.88 
274526.00 
274526.13 
274526.25 
274526.39 
274526.51 
274526.64 
274526.76 
274526.89 
274527.01 
274527.15 
274527.27 
274527.39 
274527.51 
274527.65 
274527.77 
274527.89 
274528.02 
274528.15 
274528.27 
274528.41 
274528.53 
274528.65 
274528.78 
274528.90 
274529.02 
274529.13 
274529.26 
274529.38 
274529.49 
274529.62 
274529.75 
274529.88 
274530.00 
274530.13 
274530.26 
274530.39 
274530.51 
274530.65 
274530.77 
274530.90 
274531.03 
274531.16 
274531.28 
274531.40 
274531.53 
274531.66 
274531.78 
274531.91 
274532.03 
274532.15 
274532.27 
274532.39 
274532.52 
274532.64 
274532.76 
274532.90 
274533.02 
274533.14 
274533.26 
274533.38 
274533.50 
274533.64 
274533.75 
274533.89 
274534.02 
274534.14 
274534.27 
274534.39 
274534.51 
274534.64 
274534.77 
274534.89 
274535.02 
274535.14 
274535.26 
274535.39 
274535.51 
274535.63 
274535.75 
274535.89 
274536.01 
274536.15 
274536.27 
274536.40 
274536.52 
274536.66 
274536.78 
274536.91 
274537.04 
274537.16 
274537.28 
274537.40 
274537.52 
274537.66 
274537.78 
274537.91 
274538.03 
274538.16 
274538.27 
274538.41 
274538.53 
274538.66 
274538.78 
274538.90 
274539.03 
274539.15 
274539.28 
274539.40 
274539.52 
274539.65 
274539.77 
274539.90 
274540.03 
274540.14 
274540.28 
274540.39 
274540.53 
274540.65 
274540.78 
274540.90 
274541.03 
274541.15 
274541.27 
274541.39 
274541.52 
274541.64 
274541.76 
274541.89 
274542.02 
274542.15 
274542.27 
274542.39 
274542.51 
274542.65 
274542.77 
274542.90 
274543.02 
274543.15 
274543.27 
274543.39 
274543.53 
274543.65 
274543.78 
274543.90 
274544.03 
274544.15 
274544.28 
274544.40 
274544.52 
274544.64 
274544.75 
274544.89 
274545.01 
274545.15 
274545.27 
274545.39 
274545.52 
274545.63 
274545.76 
274545.88 
274546.00 
274546.14 
274546.26 
274546.38 
274546.51 
274546.64 
274546.76 
274546.89 
274547.01 
274547.14 
274547.27 
274547.40 
274547.51 
274547.65 
274547.77 
274547.90 
274548.04 
274548.16 
274548.28 
274548.40 
274548.54 
274548.66 
274548.78 
274548.90 
274549.03 
274549.15 
274549.28 
274549.40 
274549.52 
274549.66 
274549.78 
274549.91 
274550.03 
274550.17 
274550.29 
274550.42 
274550.54 
274550.66 
274550.79 
274550.92 
274551.04 
274551.16 
274551.29 
274551.41 
274551.54 
274551.67 
274551.79 
274551.92 
274552.04 
274552.17 
274552.29 
274552.42 
274552.54 
274552.66 
274552.78 
274552.90 
274553.02 
274553.15 
274553.27 
274553.39 
274553.53 
274553.65 
274553.77 
274553.89 
274554.02 
274554.15 
274554.28 
274554.40 
274554.54 
274554.66 
274554.79 
274554.92 
274555.04 
274555.17 
274555.29 
274555.42 
274555.54 
274555.68 
274555.80 
274555.93 
274556.05 
274556.18 
274556.31 
274556.44 
274556.56 
274556.68 
274556.80 
274556.94 
274557.06 
274557.18 
274557.31 
274557.43 
274557.55 
274557.67 
274557.79 
274557.93 
274558.05 
274558.19 
274558.31 
274558.44 
274558.56 
274558.68 
274558.81 
274558.93 
274559.05 
274559.18 
274559.30 
274559.43 
274559.55 
274559.67 
274559.79 
274559.91 
274560.03 
274560.16 
274560.28 
274560.40 
274560.53 
274560.65 
274560.77 
274560.90 
274561.02 
274561.15 
274561.27 
274561.39 
274561.51 
274561.63 
274561.75 
274561.88 
274562.00 
274562.12 
274562.25 
274562.37 
274562.49 
274562.61 
274562.74 
274562.86 
274562.98 
274563.11 
274563.24 
274563.37 
274563.50 
274563.63 
274563.76 
274563.88 
274564.00 
274564.12 
274564.25 
274564.38 
274564.50 
274564.62 
274564.74 
274564.87 
274565.00 
274565.12 
274565.25 
274565.37 
274565.50 
274565.62 
274565.75 
274565.87 
274565.99 
274566.11 
274566.25 
274566.37 
274566.50 
274566.63 
274566.75 
274566.88 
274567.00 
274567.14 
274567.26 
274567.38 
274567.52 
274567.65 
274567.77 
274567.89 
274568.02 
274568.15 
274568.27 
274568.40 
274568.52 
274568.64 
274568.77 
274568.90 
274569.02 
274569.16 
274569.28 
274569.40 
274569.54 
274569.66 
274569.78 
274569.90 
274570.04 
274570.16 
274570.28 
274570.41 
274570.54 
274570.67 
274570.80 
274570.93 
274571.06 
274571.18 
274571.30 
274571.43 
274571.55 
274571.68 
274571.80 
274571.93 
274572.05 
274572.18 
274572.30 
274572.43 
274572.56 
274572.68 
274572.80 
274572.93 
274573.05 
274573.19 
274573.31 
274573.44 
274573.57 
274573.70 
274573.82 
274573.95 
274574.07 
274574.19 
274574.31 
274574.43 
274574.55 
274574.68 
274574.81 
274574.93 
274575.06 
274575.18 
274575.31 
274575.43 
274575.54 
274575.67 
274575.80 
274575.92 
274576.05 
274576.18 
274576.30 
274576.43 
274576.55 
274576.68 
274576.80 
274576.94 
274577.06 
274577.19 
274577.32 
274577.45 
274577.57 
274577.69 
274577.81 
274577.95 
274578.08 
274578.20 
274578.32 
274578.44 
274578.57 
274578.70 
274578.83 
274578.96 
274579.08 
274579.22 
274579.34 
274579.47 
274579.60 
274579.73 
274579.85 
274579.98 
274580.11 
274580.23 
274580.37 
274580.49 
274580.61 
274580.73 
274580.85 
274580.98 
274581.10 
274581.23 
274581.35 
274581.47 
274581.59 
274581.73 
274581.85 
274581.97 
274582.09 
274582.22 
274582.34 
274582.47 
274582.59 
274582.71 
274582.84 
274582.97 
274583.09 
274583.22 
274583.35 
274583.47 
274583.59 
274583.71 
274583.84 
274583.97 
274584.09 
274584.20 
274584.32 
274584.45 
274584.58 
274584.71 
274584.83 
274584.95 
274585.07 
274585.21 
274585.33 
274585.46 
274585.58 
274585.71 
274585.83 
274585.97 
274586.09 
274586.22 
274586.34 
274586.46 
274586.58 
274586.71 
274586.84 
274586.97 
274587.09 
274587.22 
274587.34 
274587.47 
274587.60 
274587.73 
274587.85 
274587.97 
274588.11 
274588.23 
274588.36 
274588.48 
274588.60 
274588.72 
274588.86 
274588.98 
274589.11 
274589.23 
274589.36 
274589.48 
274589.61 
274589.73 
274589.86 
274589.98 
274590.10 
274590.23 
274590.36 
274590.48 
274590.61 
274590.74 
274590.87 
274590.99 
274591.11 
274591.23 
274591.36 
274591.48 
274591.60 
274591.73 
274591.85 
274591.98 
274592.10 
274592.22 
274592.35 
274592.48 
274592.59 
274592.72 
274592.84 
274592.98 
274593.10 
274593.23 
274593.35 
274593.48 
274593.60 
274593.72 
274593.86 
274593.98 
274594.10 
274594.22 
274594.35 
274594.47 
274594.59 
274594.72 
274594.83 
274594.96 
274595.08 
274595.20 
274595.34 
274595.46 
274595.58 
274595.71 
274595.82 
274595.94 
274596.07 
274596.20 
274596.32 
274596.45 
274596.57 
274596.70 
274596.83 
274596.96 
274597.08 
274597.20 
274597.32 
274597.45 
274597.58 
274597.71 
274597.83 
274597.95 
274598.08 
274598.20 
274598.32 
274598.45 
274598.57 
274598.70 
274598.82 
274598.94 
274599.06 
274599.19 
274599.31 
274599.45 
274599.57 
274599.69 
274599.81 
274599.93 
274600.07 
274600.19 
274600.32 
274600.44 
274600.57 
274600.69 
274600.82 
274600.94 
274601.07 
274601.19 
274601.31 
274601.44 
274601.56 
274601.68 
274601.82 
274601.94 
274602.07 
274602.20 
274602.32 
274602.44 
274602.56 
274602.68 
274602.80 
274602.93 
274603.05 
274603.19 
274603.31 
274603.42 
274603.56 
274603.68 
274603.80 
274603.92 
274604.05 
274604.18 
274604.31 
274604.45 
274604.57 
274604.70 
274604.83 
274604.96 
274605.08 
274605.20 
274605.33 
274605.45 
274605.57 
274605.70 
274605.82 
274605.94 
274606.07 
274606.19 
274606.33 
274606.45 
274606.57 
274606.70 
274606.82 
274606.95 
274607.08 
274607.20 
274607.32 
274607.45 
274607.57 
274607.71 
274607.83 
274607.96 
274608.08 
274608.20 
274608.34 
274608.46 
274608.59 
274608.71 
274608.85 
274608.97 
274609.09 
274609.22 
274609.35 
274609.48 
274609.60 
274609.73 
274609.85 
274609.99 
274610.11 
274610.23 
274610.35 
274610.48 
274610.60 
274610.73 
274610.85 
274610.98 
274611.11 
274611.24 
274611.37 
274611.49 
274611.63 
274611.75 
274611.87 
274611.99 
274612.11 
274612.25 
274612.37 
274612.50 
274612.63 
274612.75 
274612.87 
274612.99 
274613.11 
274613.23 
274613.35 
274613.47 
274613.60 
274613.73 
274613.86 
274613.98 
274614.11 
274614.23 
274614.35 
274614.48 
274614.60 
274614.72 
274614.85 
274614.97 
274615.09 
274615.22 
274615.35 
274615.47 
274615.59 
274615.73 
274615.85 
274615.98 
274616.10 
274616.23 
274616.36 
274616.49 
274616.61 
274616.75 
274616.87 
274616.99 
274617.13 
274617.25 
274617.38 
274617.51 
274617.64 
274617.76 
274617.89 
274618.02 
274618.14 
274618.26 
274618.38 
274618.50 
274618.62 
274618.75 
274618.87 
274618.99 
274619.11 
274619.25 
274619.37 
274619.50 
274619.63 
274619.76 
274619.88 
274620.01 
274620.14 
274620.26 
274620.39 
274620.50 
274620.63 
274620.75 
274620.88 
274621.00 
274621.12 
274621.25 
274621.38 
274621.51 
274621.63 
274621.76 
274621.87 
274621.99 
274622.11 
274622.22 
274622.36 
274622.48 
274622.60 
274622.72 
274622.85 
274622.97 
274623.10 
274623.22 
274623.34 
274623.47 
274623.59 
274623.72 
274623.84 
274623.98 
274624.10 
274624.23 
274624.35 
274624.48 
274624.60 
274624.74 
274624.86 
274624.99 
274625.11 
274625.24 
274625.37 
274625.49 
274625.62 
274625.75 
274625.87 
274625.99 
274626.11 
274626.23 
274626.36 
274626.48 
274626.61 
274626.73 
274626.86 
274626.99 
274627.12 
274627.24 
274627.37 
274627.49 
274627.62 
274627.74 
274627.87 
274627.99 
274628.11 
274628.25 
274628.38 
274628.51 
274628.63 
274628.75 
274628.89 
274629.01 
274629.15 
274629.27 
274629.39 
274629.51 
274629.64 
274629.76 
274629.88 
274630.01 
274630.14 
274630.27 
274630.39 
274630.51 
274630.65 
274630.77 
274630.89 
274631.01 
274631.14 
274631.25 
274631.37 
274631.50 
274631.62 
274631.75 
274631.87 
274631.99 
274632.12 
274632.24 
274632.38 
274632.50 
274632.63 
274632.75 
274632.87 
274633.01 
274633.13 
274633.26 
274633.38 
274633.51 
274633.64 
274633.76 
274633.89 
274634.01 
274634.13 
274634.25 
274634.38 
274634.50 
274634.63 
274634.75 
274634.89 
274635.01 
274635.14 
274635.26 
274635.38 
274635.50 
274635.63 
274635.75 
274635.89 
274636.01 
274636.15 
274636.27 
274636.39 
274636.52 
274636.64 
274636.77 
274636.89 
274637.02 
274637.15 
274637.27 
274637.39 
274637.51 
274637.63 
274637.74 
274637.87 
274638.00 
274638.12 
274638.26 
274638.38 
274638.51 
274638.63 
274638.75 
274638.87 
274638.99 
274639.11 
274639.23 
274639.35 
274639.48 
274639.59 
274639.73 
274639.85 
274639.98 
274640.10 
274640.23 
274640.35 
274640.48 
274640.60 
274640.73 
274640.85 
274640.97 
274641.11 
274641.23 
274641.36 
274641.48 
274641.60 
274641.73 
274641.86 
274641.99 
274642.11 
274642.24 
274642.36 
274642.49 
274642.61 
274642.74 
274642.87 
274642.99 
274643.12 
274643.24 
274643.37 
274643.49 
274643.62 
274643.75 
274643.86 
274643.98 
274644.10 
274644.23 
274644.36 
274644.48 
274644.61 
274644.73 
274644.86 
274644.98 
274645.11 
274645.23 
274645.36 
274645.48 
274645.61 
274645.75 
274645.87 
274645.99 
274646.11 
274646.24 
274646.36 
274646.49 
274646.61 
274646.75 
274646.87 
274646.99 
274647.11 
274647.25 
274647.37 
274647.50 
274647.62 
274647.75 
274647.87 
274648.00 
274648.13 
274648.25 
274648.37 
274648.50 
274648.62 
274648.75 
274648.87 
274648.99 
274649.11 
274649.24 
274649.36 
274649.49 
274649.61 
274649.74 
274649.87 
274650.00 
274650.12 
274650.26 
274650.38 
274650.51 
274650.63 
274650.77 
274650.89 
274651.01 
274651.13 
274651.26 
274651.38 
274651.50 
274651.62 
274651.76 
274651.88 
274652.00 
274652.12 
274652.24 
274652.36 
274652.49 
274652.61 
274652.74 
274652.86 
274652.98 
274653.11 
274653.23 
274653.36 
274653.49 
274653.61 
274653.73 
274653.86 
274653.99 
274654.11 
274654.23 
274654.36 
274654.48 
274654.61 
274654.73 
274654.86 
274654.99 
274655.10 
274655.23 
274655.35 
274655.47 
274655.59 
274655.72 
274655.84 
274655.97 
274656.09 
274656.21 
274656.33 
274656.45 
274656.57 
274656.70 
274656.82 
274656.94 
274657.08 
274657.20 
274657.32 
274657.44 
274657.56 
274657.69 
274657.81 
274657.94 
274658.07 
274658.19 
274658.31 
274658.45 
274658.57 
274658.69 
274658.81 
274658.94 
274659.07 
274659.19 
274659.32 
274659.44 
274659.57 
274659.69 
274659.82 
274659.95 
274660.07 
274660.20 
274660.32 
274660.44 
274660.56 
274660.69 
274660.81 
274660.94 
274661.06 
274661.19 
274661.32 
274661.44 
274661.56 
274661.68 
274661.80 
274661.93 
274662.06 
274662.18 
274662.31 
274662.44 
274662.56 
274662.68 
274662.81 
274662.94 
274663.06 
274663.18 
274663.30 
274663.43 
274663.56 
274663.68 
274663.80 
274663.93 
274664.06 
274664.18 
274664.30 
274664.43 
274664.55 
274664.67 
274664.80 
274664.93 
274665.05 
274665.17 
274665.30 
274665.43 
274665.56 
274665.68 
274665.81 
274665.94 
274666.08 
274666.20 
274666.32 
274666.46 
274666.58 
274666.71 
274666.83 
274666.97 
274667.09 
274667.21 
274667.33 
274667.47 
274667.59 
274667.72 
274667.84 
274667.98 
274668.10 
274668.22 
274668.34 
274668.45 
274668.58 
274668.70 
274668.83 
274668.95 
274669.08 
274669.20 
274669.32 
274669.44 
274669.57 
274669.70 
274669.82 
274669.95 
274670.07 
274670.19 
274670.33 
274670.45 
274670.58 
274670.70 
274670.83 
274670.95 
274671.08 
274671.20 
274671.34 
274671.46 
274671.59 
274671.71 
274671.83 
274671.97 
274672.09 
274672.22 
274672.36 
274672.48 
274672.60 
274672.72 
274672.86 
274672.98 
274673.11 
274673.23 
274673.35 
274673.48 
274673.60 
274673.72 
274673.85 
274673.98 
274674.10 
274674.22 
274674.34 
274674.47 
274674.59 
274674.73 
274674.85 
274674.97 
274675.10 
274675.23 
274675.35 
274675.48 
274675.60 
274675.72 
274675.85 
274675.97 
274676.09 
274676.22 
274676.35 
274676.47 
274676.59 
274676.71 
274676.84 
274676.96 
274677.09 
274677.21 
274677.33 
274677.47 
274677.59 
274677.72 
274677.84 
274677.97 
274678.09 
274678.22 
274678.35 
274678.47 
274678.59 
274678.71 
274678.83 
274678.97 
274679.09 
274679.22 
274679.34 
274679.47 
274679.59 
274679.72 
274679.85 
274679.97 
274680.09 
274680.22 
274680.35 
274680.48 
274680.60 
274680.72 
274680.84 
274680.98 
274681.10 
274681.23 
274681.35 
274681.49 
274681.61 
274681.74 
274681.87 
274682.00 
274682.12 
274682.26 
274682.38 
274682.50 
274682.64 
274682.76 
274682.89 
274683.02 
274683.15 
274683.28 
274683.40 
274683.54 
274683.66 
274683.78 
274683.91 
274684.03 
274684.15 
274684.29 
274684.41 
274684.53 
274684.66 
274684.79 
274684.92 
274685.04 
274685.16 
274685.29 
274685.41 
274685.55 
274685.67 
274685.79 
274685.92 
274686.04 
274686.17 
274686.29 
274686.42 
274686.54 
274686.68 
274686.80 
274686.92 
274687.04 
274687.17 
274687.29 
274687.42 
274687.54 
274687.67 
274687.79 
274687.91 
274688.04 
274688.17 
274688.29 
274688.42 
274688.54 
274688.68 
274688.80 
274688.92 
274689.04 
274689.16 
274689.29 
274689.41 
274689.54 
274689.66 
274689.79 
274689.92 
274690.05 
274690.17 
274690.31 
274690.43 
274690.55 
274690.68 
274690.80 
274690.92 
274691.04 
274691.17 
274691.29 
274691.42 
274691.55 
274691.68 
274691.80 
274691.92 
274692.06 
274692.18 
274692.30 
274692.43 
274692.56 
274692.68 
274692.80 
274692.93 
274693.05 
274693.18 
274693.30 
274693.44 
274693.56 
274693.68 
274693.80 
274693.94 
274694.06 
274694.19 
274694.31 
274694.44 
274694.56 
274694.68 
274694.80 
274694.92 
274695.05 
274695.17 
274695.30 
274695.42 
274695.55 
274695.67 
274695.79 
274695.93 
274696.05 
274696.18 
274696.31 
274696.43 
274696.56 
274696.68 
274696.80 
274696.92 
274697.05 
274697.18 
274697.30 
274697.44 
274697.56 
274697.68 
274697.79 
274697.92 
274698.05 
274698.17 
274698.31 
274698.43 
274698.55 
274698.67 
274698.81 
274698.93 
274699.06 
274699.18 
274699.30 
274699.43 
274699.56 
274699.68 
274699.81 
274699.93 
274700.06 
274700.18 
274700.31 
274700.43 
274700.55 
274700.67 
274700.80 
274700.92 
274701.05 
274701.17 
274701.30 
274701.43 
274701.56 
274701.68 
274701.80 
274701.92 
274702.04 
274702.16 
274702.29 
274702.41 
274702.54 
274702.67 
274702.79 
274702.91 
274703.03 
274703.16 
274703.29 
274703.41 
274703.53 
274703.67 
274703.79 
274703.92 
274704.03 
274704.16 
274704.28 
274704.41 
274704.53 
274704.65 
274704.79 
274704.91 
274705.05 
274705.17 
274705.31 
274705.43 
274705.55 
274705.68 
274705.80 
274705.92 
274706.05 
274706.19 
274706.30 
274706.42 
274706.55 
274706.68 
274706.80 
274706.92 
274707.05 
274707.18 
274707.30 
274707.44 
274707.55 
274707.68 
274707.80 
274707.94 
274708.06 
274708.18 
274708.30 
274708.43 
274708.56 
274708.68 
274708.81 
274708.93 
274709.06 
274709.18 
274709.30 
274709.43 
274709.55 
274709.68 
274709.80 
274709.93 
274710.05 
274710.17 
274710.30 
274710.44 
274710.56 
274710.68 
274710.80 
274710.92 
274711.04 
274711.17 
274711.29 
274711.43 
274711.55 
274711.68 
274711.80 
274711.94 
274712.06 
274712.19 
274712.31 
274712.43 
274712.55 
274712.68 
274712.80 
274712.92 
274713.05 
274713.17 
274713.30 
274713.43 
274713.56 
274713.68 
274713.81 
274713.93 
274714.06 
274714.18 
274714.31 
274714.44 
274714.57 
274714.69 
274714.80 
274714.92 
274715.04 
274715.16 
274715.30 
274715.42 
274715.55 
274715.68 
274715.80 
274715.93 
274716.06 
274716.18 
274716.31 
274716.43 
274716.56 
274716.68 
274716.81 
274716.93 
274717.06 
274717.18 
274717.30 
274717.43 
274717.56 
274717.68 
274717.81 
274717.93 
274718.06 
274718.18 
274718.30 
274718.43 
274718.56 
274718.68 
274718.81 
274718.93 
274719.06 
274719.18 
274719.30 
274719.42 
274719.55 
274719.68 
274719.80 
274719.93 
274720.06 
274720.18 
274720.31 
274720.44 
274720.56 
274720.68 
274720.82 
274720.94 
274721.07 
274721.19 
274721.32 
274721.44 
274721.57 
274721.69 
274721.81 
274721.95 
274722.07 
274722.20 
274722.32 
274722.44 
274722.56 
274722.68 
274722.82 
274722.94 
274723.07 
274723.19 
274723.33 
274723.45 
274723.58 
274723.70 
274723.83 
274723.95 
274724.08 
274724.20 
274724.32 
274724.44 
274724.57 
274724.69 
274724.83 
274724.95 
274725.08 
274725.20 
274725.33 
274725.45 
274725.58 
274725.70 
274725.83 
274725.95 
274726.07 
274726.20 
274726.32 
274726.44 
274726.56 
274726.69 
274726.81 
274726.94 
274727.08 
274727.21 
274727.33 
274727.46 
274727.58 
274727.70 
274727.82 
274727.96 
274728.08 
274728.20 
274728.32 
274728.44 
274728.57 
274728.69 
274728.81 
274728.94 
274729.07 
274729.19 
274729.31 
274729.45 
274729.57 
274729.69 
274729.82 
274729.96 
274730.08 
274730.20 
274730.33 
274730.45 
274730.57 
274730.70 
274730.82 
274730.94 
274731.07 
274731.20 
274731.32 
274731.44 
274731.56 
274731.69 
274731.81 
274731.94 
274732.07 
274732.20 
274732.32 
274732.45 
274732.57 
274732.70 
274732.83 
274732.96 
274733.08 
274733.22 
274733.34 
274733.46 
274733.58 
274733.71 
274733.84 
274733.96 
274734.08 
274734.20 
274734.32 
274734.45 
274734.57 
274734.70 
274734.82 
274734.94 
274735.06 
274735.18 
274735.32 
274735.44 
274735.56 
274735.68 
274735.81 
274735.93 
274736.06 
274736.18 
274736.32 
274736.44 
274736.58 
274736.70 
274736.83 
274736.95 
274737.07 
274737.19 
274737.32 
274737.45 
274737.57 
274737.69 
274737.82 
274737.94 
274738.07 
274738.20 
274738.33 
274738.45 
274738.58 
274738.71 
274738.84 
274738.96 
274739.10 
274739.22 
274739.35 
274739.47 
274739.61 
274739.73 
274739.86 
274739.99 
274740.12 
274740.26 
274740.38 
274740.51 
274740.63 
274740.76 
274740.88 
274741.01 
274741.13 
274741.26 
274741.38 
274741.51 
274741.63 
274741.77 
274741.89 
274742.02 
274742.15 
274742.27 
274742.39 
274742.53 
274742.65 
274742.78 
274742.90 
274743.02 
274743.15 
274743.28 
274743.40 
274743.53 
274743.65 
274743.78 
274743.91 
274744.03 
274744.16 
274744.28 
274744.41 
274744.54 
274744.66 
274744.78 
274744.90 
274745.03 
274745.15 
274745.28 
274745.40 
274745.52 
274745.64 
274745.76 
274745.89 
274746.01 
274746.14 
274746.26 
274746.39 
274746.50 
274746.62 
274746.74 
274746.87 
274746.99 
274747.12 
274747.24 
274747.36 
274747.48 
274747.59 
274747.71 
274747.84 
274747.96 
274748.10 
274748.22 
274748.35 
274748.48 
274748.61 
274748.73 
274748.86 
274748.98 
274749.11 
274749.23 
274749.35 
274749.47 
274749.59 
274749.73 
274749.85 
274749.98 
274750.10 
274750.22 
274750.35 
274750.48 
274750.59 
274750.73 
274750.85 
274750.98 
274751.11 
274751.24 
274751.36 
274751.48 
274751.60 
274751.74 
274751.86 
274751.98 
274752.10 
274752.23 
274752.36 
274752.48 
274752.60 
274752.72 
274752.86 
274752.98 
274753.11 
274753.24 
274753.36 
274753.48 
274753.61 
274753.73 
274753.85 
274753.98 
274754.11 
274754.23 
274754.36 
274754.48 
274754.61 
274754.73 
274754.85 
274754.97 
274755.09 
274755.22 
274755.34 
274755.46 
274755.58 
274755.71 
274755.84 
274755.97 
274756.09 
274756.22 
274756.34 
274756.47 
274756.59 
274756.72 
274756.84 
274756.98 
274757.10 
274757.22 
274757.35 
274757.47 
274757.60 
274757.72 
274757.85 
274757.98 
274758.10 
274758.22 
274758.35 
274758.48 
274758.60 
274758.72 
274758.84 
274758.97 
274759.09 
274759.23 
274759.35 
274759.48 
274759.60 
274759.74 
274759.86 
274759.99 
274760.11 
274760.23 
274760.35 
274760.49 
274760.61 
274760.73 
274760.86 
274760.98 
274761.11 
274761.24 
274761.35 
274761.47 
274761.59 
274761.71 
274761.85 
274761.97 
274762.10 
274762.22 
274762.34 
274762.46 
274762.59 
274762.71 
274762.83 
274762.97 
274763.09 
274763.22 
274763.35 
274763.48 
274763.60 
274763.73 
274763.85 
274763.98 
274764.10 
274764.22 
274764.34 
274764.46 
274764.58 
274764.71 
274764.84 
274764.97 
274765.09 
274765.22 
274765.34 
274765.47 
274765.60 
274765.72 
274765.84 
274765.96 
274766.09 
274766.21 
274766.33 
274766.46 
274766.58 
274766.70 
274766.83 
274766.95 
274767.07 
274767.19 
274767.33 
274767.45 
274767.58 
274767.70 
274767.83 
274767.96 
274768.08 
274768.21 
274768.34 
274768.47 
274768.59 
274768.71 
274768.85 
274768.97 
274769.10 
274769.22 
274769.35 
274769.47 
274769.59 
274769.71 
274769.85 
274769.97 
274770.09 
274770.23 
274770.35 
274770.49 
274770.61 
274770.75 
274770.87 
274770.99 
274771.11 
274771.25 
274771.37 
274771.50 
274771.62 
274771.75 
274771.87 
274771.99 
274772.11 
274772.23 
274772.36 
274772.48 
274772.61 
274772.74 
274772.87 
274772.99 
274773.13 
274773.25 
274773.37 
274773.50 
274773.62 
274773.75 
274773.87 
274774.01 
274774.13 
274774.27 
274774.39 
274774.52 
274774.64 
274774.76 
274774.90 
274775.02 
274775.14 
274775.26 
274775.38 
274775.52 
274775.65 
274775.77 
274775.89 
274776.02 
274776.14 
274776.27 
274776.39 
274776.51 
274776.63 
274776.75 
274776.87 
274776.99 
274777.12 
274777.24 
274777.36 
274777.49 
274777.61 
274777.73 
274777.85 
274777.98 
274778.11 
274778.23 
274778.36 
274778.48 
274778.62 
274778.74 
274778.87 
274778.99 
274779.12 
274779.24 
274779.36 
274779.49 
274779.61 
274779.75 
274779.87 
274779.99 
274780.13 
274780.25 
274780.37 
274780.50 
274780.63 
274780.75 
274780.89 
274781.01 
274781.13 
274781.27 
274781.39 
274781.52 
274781.64 
274781.76 
274781.89 
274782.01 
274782.14 
274782.26 
274782.38 
274782.52 
274782.64 
274782.77 
274782.89 
274783.02 
274783.15 
274783.28 
274783.40 
274783.54 
274783.66 
274783.78 
274783.90 
274784.02 
274784.15 
274784.27 
274784.39 
274784.52 
274784.65 
274784.77 
274784.89 
274785.02 
274785.15 
274785.27 
274785.41 
274785.53 
274785.65 
274785.78 
274785.90 
274786.04 
274786.16 
274786.29 
274786.41 
274786.53 
274786.66 
274786.78 
274786.90 
274787.03 
274787.15 
274787.29 
274787.41 
274787.54 
274787.66 
274787.78 
274787.90 
274788.03 
274788.15 
274788.28 
274788.40 
274788.52 
274788.66 
274788.78 
274788.91 
274789.03 
274789.16 
274789.28 
274789.42 
274789.54 
274789.67 
274789.80 
274789.92 
274790.04 
274790.16 
274790.29 
274790.42 
274790.54 
274790.67 
274790.79 
274790.93 
274791.05 
274791.18 
274791.31 
274791.43 
274791.55 
274791.67 
274791.79 
274791.93 
274792.05 
274792.18 
274792.30 
274792.44 
274792.57 
274792.69 
274792.82 
274792.94 
274793.06 
274793.19 
274793.32 
274793.44 
274793.57 
274793.69 
274793.81 
274793.94 
274794.06 
274794.19 
274794.32 
274794.44 
274794.57 
274794.69 
274794.81 
274794.94 
274795.07 
274795.19 
274795.32 
274795.44 
274795.58 
274795.70 
274795.83 
274795.96 
274796.08 
274796.20 
274796.34 
274796.46 
274796.58 
274796.72 
274796.84 
274796.96 
274797.09 
274797.20 
274797.33 
274797.46 
274797.58 
274797.71 
274797.84 
274797.97 
274798.08 
274798.20 
274798.31 
274798.43 
274798.55 
274798.67 
274798.79 
274798.91 
274799.03 
274799.15 
274799.27 
274799.39 
274799.51 
274799.65 
274799.77 
274799.90 
274800.02 
274800.15 
274800.27 
274800.41 
274800.53 
274800.66 
274800.78 
274800.91 
274801.03 
274801.16 
274801.28 
274801.40 
274801.51 
274801.63 
274801.77 
274801.88 
274802.01 
274802.13 
274802.26 
274802.38 
274802.50 
274802.63 
274802.75 
274802.87 
274802.99 
274803.11 
274803.23 
274803.36 
274803.49 
274803.61 
274803.73 
274803.85 
274803.97 
274804.10 
274804.22 
274804.34 
274804.47 
274804.59 
274804.72 
274804.84 
274804.96 
274805.08 
274805.21 
274805.33 
274805.46 
274805.59 
274805.70 
274805.84 
274805.96 
274806.08 
274806.20 
274806.34 
274806.46 
274806.58 
274806.70 
274806.83 
274806.95 
274807.07 
274807.19 
274807.31 
274807.44 
274807.55 
274807.68 
274807.79 
274807.91 
274808.03 
274808.15 
274808.27 
274808.40 
274808.52 
274808.65 
274808.77 
274808.89 
274809.02 
274809.15 
274809.27 
274809.39 
274809.51 
274809.63 
274809.75 
274809.87 
274810.01 
274810.13 
274810.27 
274810.38 
274810.51 
274810.63 
274810.76 
274810.88 
274811.01 
274811.13 
274811.25 
274811.38 
274811.50 
274811.63 
274811.76 
274811.88 
274812.00 
274812.13 
274812.26 
274812.38 
274812.50 
274812.63 
274812.76 
274812.88 
274813.00 
274813.12 
274813.25 
274813.37 
274813.49 
274813.63 
274813.75 
274813.87 
274813.99 
274814.11 
274814.24 
274814.36 
274814.49 
274814.61 
274814.74 
274814.86 
274814.99 
274815.11 
274815.25 
274815.37 
274815.49 
274815.62 
274815.74 
274815.87 
274816.00 
274816.12 
274816.24 
274816.36 
274816.49 
274816.61 
274816.73 
274816.86 
274816.99 
274817.11 
274817.23 
274817.37 
274817.49 
274817.62 
274817.75 
274817.87 
274817.99 
274818.13 
274818.25 
274818.38 
274818.51 
274818.64 
274818.76 
274818.88 
274819.00 
274819.12 
274819.25 
274819.37 
274819.49 
274819.62 
274819.75 
274819.88 
274820.00 
274820.12 
274820.26 
274820.38 
274820.50 
274820.63 
274820.75 
274820.87 
274821.01 
274821.13 
274821.26 
274821.39 
274821.51 
274821.63 
274821.77 
274821.89 
274822.01 
274822.15 
274822.27 
274822.40 
274822.52 
274822.64 
274822.77 
274822.89 
274823.02 
274823.14 
274823.26 
274823.38 
274823.51 
274823.63 
274823.76 
274823.88 
274824.01 
274824.13 
274824.26 
274824.38 
274824.51 
274824.64 
274824.76 
274824.88 
274825.02 
274825.14 
274825.27 
274825.38 
274825.51 
274825.64 
274825.76 
274825.88 
274826.00 
274826.13 
274826.25 
274826.38 
274826.50 
274826.63 
274826.75 
274826.89 
274827.01 
274827.13 
274827.26 
274827.38 
274827.51 
274827.64 
274827.76 
274827.88 
274828.00 
274828.14 
274828.26 
274828.38 
274828.50 
274828.62 
274828.75 
274828.86 
274828.98 
274829.10 
274829.23 
274829.35 
274829.47 
274829.59 
274829.71 
274829.83 
274829.95 
274830.09 
274830.21 
274830.34 
274830.48 
274830.59 
274830.73 
274830.85 
274830.98 
274831.10 
274831.23 
274831.35 
274831.48 
274831.60 
274831.72 
274831.86 
274831.98 
274832.10 
274832.23 
274832.35 
274832.48 
274832.60 
274832.72 
274832.85 
274832.97 
274833.09 
274833.22 
274833.35 
274833.48 
274833.60 
274833.72 
274833.86 
274833.98 
274834.11 
274834.23 
274834.36 
274834.48 
274834.60 
274834.72 
274834.84 
274834.98 
274835.10 
274835.23 
274835.35 
274835.48 
274835.60 
274835.72 
274835.86 
274835.99 
274836.11 
274836.23 
274836.36 
274836.48 
274836.60 
274836.73 
274836.85 
274836.97 
274837.10 
274837.22 
274837.34 
274837.47 
274837.59 
274837.72 
274837.85 
274837.98 
274838.10 
274838.23 
274838.36 
274838.48 
274838.59 
274838.71 
274838.83 
274838.97 
274839.09 
274839.22 
274839.35 
274839.47 
274839.61 
274839.73 
274839.85 
274839.97 
274840.10 
274840.22 
274840.36 
274840.47 
274840.61 
274840.73 
274840.86 
274840.98 
274841.11 
274841.24 
274841.36 
274841.50 
274841.62 
274841.74 
274841.87 
274841.99 
274842.11 
274842.23 
274842.36 
274842.48 
274842.61 
274842.73 
274842.86 
274842.98 
274843.10 
274843.22 
274843.35 
274843.47 
274843.60 
274843.72 
274843.84 
274843.96 
274844.09 
274844.21 
274844.34 
274844.47 
274844.59 
274844.72 
274844.84 
274844.97 
274845.09 
274845.23 
274845.35 
274845.48 
274845.60 
274845.72 
274845.84 
274845.98 
274846.10 
274846.22 
274846.34 
274846.47 
274846.59 
274846.73 
274846.85 
274846.98 
274847.10 
274847.24 
274847.36 
274847.49 
274847.62 
274847.75 
274847.87 
274847.99 
274848.11 
274848.24 
274848.36 
274848.49 
274848.61 
274848.73 
274848.85 
274848.98 
274849.10 
274849.21 
274849.33 
274849.44 
274849.57 
274849.67 
274849.79 
274849.91 
274850.03 
274850.14 
274850.26 
274850.39 
274850.50 
274850.62 
274850.73 
274850.85 
274850.97 
274851.09 
274851.21 
274851.32 
274851.45 
274851.56 
274851.67 
274851.78 
274851.90 
274852.01 
274852.12 
274852.23 
274852.34 
274852.45 
274852.57 
274852.69 
274852.80 
274852.90 
274853.02 
274853.13 
274853.25 
274853.35 
274853.47 
274853.58 
274853.70 
274853.81 
274853.92 
274854.04 
274854.17 
274854.28 
274854.38 
274854.50 
274854.61 
274854.74 
274854.86 
274854.99 
274855.10 
274855.21 
274855.33 
274855.45 
274855.57 
274855.68 
274855.81 
274855.92 
274856.03 
274856.14 
274856.27 
274856.37 
274856.48 
274856.61 
274856.73 
274856.84 
274856.97 
274857.09 
274857.20 
274857.31 
274857.43 
274857.55 
274857.67 
274857.79 
274857.90 
274858.01 
274858.13 
274858.25 
274858.38 
274858.50 
274858.61 
274858.72 
274858.84 
274858.96 
274859.08 
274859.18 
274859.30 
274859.43 
274859.54 
274859.65 
274859.77 
274859.89 
274860.01 
274860.12 
274860.23 
274860.35 
274860.46 
274860.57 
274860.69 
274860.80 
274860.90 
274861.01 
274861.13 
274861.25 
274861.36 
274861.48 
274861.59 
274861.70 
274861.81 
274861.92 
274862.04 
274862.15 
274862.26 
274862.37 
274862.50 
274862.60 
274862.71 
274862.83 
274862.94 
274863.06 
274863.18 
274863.29 
274863.42 
274863.52 
274863.63 
274863.74 
274863.85 
274863.97 
274864.08 
274864.20 
274864.31 
274864.43 
274864.55 
274864.67 
274864.79 
274864.90 
274865.02 
274865.15 
274865.27 
274865.40 
274865.52 
274865.63 
274865.75 
274865.86 
274865.99 
274866.10 
274866.22 
274866.34 
274866.47 
274866.58 
274866.70 
274866.83 
274866.94 
274867.06 
274867.17 
274867.29 
274867.40 
274867.52 
274867.64 
274867.76 
274867.89 
274868.01 
274868.13 
274868.24 
274868.37 
274868.48 
274868.60 
274868.71 
274868.83 
274868.95 
274869.08 
274869.20 
274869.31 
274869.43 
274869.55 
274869.67 
274869.78 
274869.91 
274870.02 
274870.14 
274870.26 
274870.38 
274870.50 
274870.61 
274870.73 
274870.85 
274870.98 
274871.09 
274871.21 
274871.33 
274871.46 
274871.57 
274871.69 
274871.82 
274871.94 
274872.06 
274872.18 
274872.30 
274872.41 
274872.53 
274872.65 
274872.77 
274872.89 
274873.02 
274873.14 
274873.26 
274873.38 
274873.49 
274873.60 
274873.71 
274873.83 
274873.94 
274874.05 
274874.17 
274874.28 
274874.40 
274874.51 
274874.62 
274874.74 
274874.86 
274874.98 
274875.09 
274875.21 
274875.34 
274875.45 
274875.57 
274875.68 
274875.79 
274875.91 
274876.02 
274876.14 
274876.25 
274876.36 
274876.48 
274876.60 
274876.71 
274876.83 
274876.95 
274877.06 
274877.18 
274877.29 
274877.40 
274877.52 
274877.64 
274877.75 
274877.86 
274877.98 
274878.10 
274878.21 
274878.33 
274878.45 
274878.56 
274878.68 
274878.80 
274878.92 
274879.04 
274879.15 
274879.27 
274879.39 
274879.51 
274879.62 
274879.73 
274879.86 
274879.98 
274880.10 
274880.21 
274880.33 
274880.45 
274880.57 
274880.68 
274880.80 
274880.91 
274881.02 
274881.14 
274881.25 
274881.37 
274881.48 
274881.60 
274881.71 
274881.83 
274881.94 
274882.05 
274882.17 
274882.29 
274882.40 
274882.53 
274882.64 
274882.76 
274882.87 
274882.98 
274883.09 
274883.21 
274883.32 
274883.44 
274883.56 
274883.67 
274883.78 
274883.89 
274884.01 
274884.13 
274884.25 
274884.36 
274884.48 
274884.59 
274884.71 
274884.83 
274884.95 
274885.06 
274885.18 
274885.29 
274885.41 
274885.53 
274885.64 
274885.76 
274885.88 
274886.00 
274886.11 
274886.23 
274886.35 
274886.46 
274886.58 
274886.69 
274886.81 
274886.92 
274887.04 
274887.15 
274887.26 
274887.38 
274887.50 
274887.61 
274887.73 
274887.85 
274887.97 
274888.08 
274888.20 
274888.31 
274888.43 
274888.54 
274888.65 
274888.77 
274888.88 
274889.00 
274889.11 
274889.22 
274889.34 
274889.46 
274889.58 
274889.70 
274889.82 
274889.95 
274890.06 
274890.18 
274890.29 
274890.41 
274890.52 
274890.64 
274890.76 
274890.86 
274890.99 
274891.10 
274891.22 
274891.34 
274891.45 
274891.57 
274891.69 
274891.81 
274891.92 
274892.04 
274892.15 
274892.27 
274892.39 
274892.50 
274892.62 
274892.74 
274892.85 
274892.97 
274893.09 
274893.21 
274893.32 
274893.43 
274893.56 
274893.66 
274893.78 
274893.90 
274894.00 
274894.12 
274894.23 
274894.35 
274894.46 
274894.58 
274894.69 
274894.81 
274894.93 
274895.05 
274895.17 
274895.28 
274895.40 
274895.51 
274895.62 
274895.74 
274895.86 
274895.98 
274896.10 
274896.21 
274896.33 
274896.44 
274896.56 
274896.68 
274896.80 
274896.91 
274897.03 
274897.15 
274897.25 
274897.37 
274897.48 
274897.60 
274897.72 
274897.83 
274897.94 
274898.05 
274898.17 
274898.29 
274898.40 
274898.52 
274898.64 
274898.75 
274898.87 
274898.98 
274899.10 
274899.22 
274899.33 
274899.45 
274899.57 
274899.69 
274899.81 
274899.91 
274900.04 
274900.15 
274900.26 
274900.38 
274900.49 
274900.60 
274900.72 
274900.83 
274900.95 
274901.07 
274901.18 
274901.30 
274901.42 
274901.53 
274901.64 
274901.76 
274901.88 
274901.99 
274902.11 
274902.22 
274902.34 
274902.45 
274902.57 
274902.67 
274902.78 
274902.89 
274903.01 
274903.13 
274903.25 
274903.37 
274903.48 
274903.61 
274903.73 
274903.85 
274903.96 
274904.07 
274904.18 
274904.31 
274904.43 
274904.56 
274904.68 
274904.79 
274904.91 
274905.03 
274905.14 
274905.26 
274905.37 
274905.49 
274905.60 
274905.72 
274905.83 
274905.95 
274906.06 
274906.17 
274906.29 
274906.40 
274906.51 
274906.63 
274906.75 
274906.87 
274906.98 
274907.10 
274907.22 
274907.33 
274907.45 
274907.56 
274907.68 
274907.80 
274907.91 
274908.01 
274908.13 
274908.25 
274908.36 
274908.47 
274908.58 
274908.71 
274908.82 
274908.94 
274909.07 
274909.17 
274909.29 
274909.42 
274909.53 
274909.64 
274909.76 
274909.88 
274910.00 
274910.11 
274910.22 
274910.34 
274910.45 
274910.57 
274910.69 
274910.80 
274910.91 
274911.04 
274911.15 
274911.27 
274911.38 
274911.50 
274911.61 
274911.73 
274911.84 
274911.95 
274912.07 
274912.19 
274912.29 
274912.41 
274912.53 
274912.64 
274912.76 
274912.87 
274912.98 
274913.09 
274913.21 
274913.32 
274913.43 
274913.55 
274913.66 
274913.78 
274913.89 
274914.01 
274914.12 
274914.23 
274914.35 
274914.46 
274914.58 
274914.69 
274914.81 
274914.92 
274915.04 
274915.15 
274915.26 
274915.38 
274915.49 
274915.61 
274915.72 
274915.84 
274915.96 
274916.07 
274916.18 
274916.30 
274916.41 
274916.53 
274916.64 
274916.76 
274916.89 
274917.00 
274917.11 
274917.23 
274917.34 
274917.46 
274917.57 
274917.68 
274917.80 
274917.92 
274918.04 
274918.16 
274918.27 
274918.39 
274918.50 
274918.62 
274918.73 
274918.85 
274918.97 
274919.08 
274919.19 
274919.31 
274919.42 
274919.54 
274919.65 
274919.77 
274919.88 
274920.00 
274920.12 
274920.24 
274920.35 
274920.46 
274920.58 
274920.70 
274920.81 
274920.94 
274921.05 
274921.16 
274921.28 
274921.39 
274921.50 
274921.62 
274921.73 
274921.85 
274921.96 
274922.07 
274922.18 
274922.29 
274922.42 
274922.53 
274922.65 
274922.78 
274922.89 
274923.01 
274923.13 
274923.25 
274923.36 
274923.47 
274923.59 
274923.71 
274923.82 
274923.94 
274924.06 
274924.17 
274924.29 
274924.41 
274924.52 
274924.64 
274924.76 
274924.88 
274925.00 
274925.11 
274925.23 
274925.34 
274925.45 
274925.56 
274925.68 
274925.79 
274925.92 
274926.03 
274926.15 
274926.25 
274926.37 
274926.49 
274926.61 
274926.72 
274926.84 
274926.96 
274927.07 
274927.20 
274927.31 
274927.43 
274927.55 
274927.66 
274927.78 
274927.90 
274928.01 
274928.13 
274928.24 
274928.35 
274928.47 
274928.58 
274928.69 
274928.81 
274928.92 
274929.04 
274929.16 
274929.27 
274929.38 
274929.49 
274929.61 
274929.73 
274929.84 
274929.96 
274930.07 
274930.19 
274930.31 
274930.44 
274930.56 
274930.68 
274930.80 
274930.91 
274931.04 
274931.15 
274931.27 
274931.39 
274931.50 
274931.63 
274931.74 
274931.86 
274931.98 
274932.10 
274932.21 
274932.32 
274932.43 
274932.55 
274932.66 
274932.77 
274932.89 
274933.01 
274933.14 
274933.26 
274933.38 
274933.51 
274933.64 
274933.76 
274933.88 
274934.01 
274934.13 
274934.26 
