# up 
20193.74 
20193.85 
20193.97 
20194.11 
20194.24 
20194.37 
20194.51 
20194.64 
20194.78 
20194.91 
20195.06 
20195.21 
20195.35 
20195.49 
20195.64 
20195.77 
20195.90 
20196.03 
20196.39 
20197.76 
20199.20 
20200.49 
20200.61 
20201.92 
20202.06 
20203.36 
20203.52 
20204.93 
20206.23 
20206.37 
20207.66 
20208.88 
20210.12 
20210.24 
20211.55 
20211.67 
20214.57 
20214.73 
20214.89 
20215.05 
20215.17 
20215.30 
20215.49 
20215.63 
20215.77 
20215.91 
20216.06 
20216.43 
20216.59 
20217.87 
20219.10 
20220.34 
20220.46 
20221.77 
20221.91 
20223.03 
20224.23 
20224.39 
20225.66 
20225.79 
20227.10 
20227.22 
20228.54 
20228.68 
20229.97 
20230.09 
20231.22 
20231.35 
20232.76 
20234.07 
20234.19 
20234.31 
20235.62 
20236.92 
20238.15 
20239.37 
20240.62 
20242.06 
20242.18 
20243.10 
20243.23 
20243.35 
20244.33 
20245.52 
20245.65 
20246.97 
20248.20 
20249.43 
20250.64 
20250.76 
20252.08 
20252.20 
20253.52 
20253.65 
20254.96 
20256.36 
20257.61 
20258.84 
20260.06 
20260.48 
20260.60 
20260.75 
20260.89 
20262.10 
20263.35 
20263.47 
20264.58 
20264.69 
20264.81 
20266.00 
20267.44 
20268.87 
20270.08 
20271.33 
20272.55 
20273.78 
20275.00 
20275.14 
20276.26 
20277.47 
20277.59 
20278.91 
20280.14 
20280.27 
20281.36 
20281.48 
20282.75 
20283.01 
20283.14 
20283.42 
20283.54 
20283.67 
20283.84 
20284.10 
20284.24 
20284.38 
20284.53 
20286.90 
20288.15 
20288.26 
20290.98 
20291.10 
20292.23 
20292.39 
20293.68 
20294.89 
20295.06 
20296.33 
20296.48 
20297.77 
20297.91 
20299.19 
20299.34 
20300.63 
20301.87 
20301.99 
20302.12 
20304.51 
20305.76 
20305.92 
20308.13 
20308.45 
20309.44 
20309.58 
20310.85 
20310.97 
20312.27 
20314.75 
20315.98 
20317.42 
20317.55 
20318.85 
20320.08 
20321.31 
20321.44 
20322.75 
20322.88 
20324.18 
20324.31 
20324.61 
20324.72 
20325.01 
20325.14 
20325.26 
20325.43 
20326.24 
20326.38 
20326.50 
20326.82 
20327.64 
20328.90 
20329.03 
20329.49 
20329.66 
20329.91 
20330.03 
20330.16 
20331.34 
20331.49 
20332.91 
20333.04 
20334.38 
20335.64 
20335.76 
20336.97 
20338.09 
20339.31 
20340.55 
20341.78 
20341.93 
20343.23 
20344.47 
20345.68 
20346.91 
20348.15 
20348.28 
20349.58 
20350.40 
20350.55 
20351.82 
20351.97 
20352.14 
20352.34 
20352.49 
20352.65 
20352.79 
20352.93 
20353.07 
20353.22 
20353.36 
20353.51 
20353.66 
20353.81 
20353.96 
20355.31 
20356.53 
20358.17 
20359.40 
20359.55 
20360.84 
20360.97 
20362.27 
20363.70 
20364.95 
20366.18 
20367.39 
20368.63 
20369.87 
20370.00 
20372.33 
20372.45 
20373.75 
20373.88 
20375.18 
20376.62 
20376.76 
20378.06 
20378.18 
20379.48 
20379.61 
20380.71 
20380.87 
20382.17 
20382.31 
20382.43 
20383.55 
20383.75 
20385.01 
20386.46 
20387.67 
20389.09 
20390.35 
20390.48 
20391.66 
20393.10 
20393.24 
20393.36 
20394.22 
20394.41 
20395.76 
20397.07 
20397.28 
20398.23 
20398.41 
20398.61 
20399.75 
20399.88 
20401.19 
20401.32 
20402.61 
20403.83 
20403.97 
20405.28 
20405.41 
20406.71 
20406.83 
20407.94 
20408.07 
20409.39 
20409.52 
20410.92 
20412.04 
20412.17 
20412.29 
20413.59 
20414.90 
20416.13 
20416.55 
20416.68 
20417.59 
20418.81 
20418.93 
20419.04 
20419.17 
20419.29 
20419.47 
20419.62 
20419.78 
20419.97 
20420.11 
20420.25 
20420.41 
20420.55 
20421.15 
20422.49 
20423.72 
20424.96 
20425.08 
20425.20 
20427.81 
20427.93 
20430.26 
20431.52 
20431.65 
20432.94 
20433.06 
20434.34 
20435.59 
20437.04 
20437.18 
20438.48 
20438.61 
20439.89 
20440.40 
20441.12 
20442.35 
20443.59 
20443.72 
20445.01 
20445.14 
20446.45 
20446.58 
20447.89 
20448.01 
20449.31 
20450.74 
20450.93 
20452.19 
20452.34 
20453.61 
20453.74 
20454.65 
20454.78 
20454.90 
20455.04 
20455.17 
20456.07 
20457.30 
20457.48 
20458.46 
20459.73 
20460.98 
20461.11 
20462.41 
20463.85 
20463.98 
20465.28 
20465.41 
20466.72 
20466.85 
20469.18 
20469.31 
20470.61 
20470.80 
20472.20 
20473.44 
20473.57 
20474.68 
20475.93 
20476.06 
20477.37 
20477.55 
20478.94 
20480.18 
20482.60 
20482.72 
20483.92 
20484.10 
20485.37 
20485.49 
20485.67 
20485.80 
20487.00 
20487.12 
20487.25 
20487.37 
20487.52 
20487.65 
20487.98 
20488.15 
20489.02 
20490.27 
20490.40 
20491.70 
20491.83 
20494.32 
20495.60 
20495.76 
20497.04 
20498.47 
20498.60 
20499.93 
20500.06 
20501.33 
20501.46 
20501.58 
20501.73 
20501.86 
20502.00 
20502.87 
20502.99 
20504.20 
20504.37 
20505.77 
20508.09 
20509.28 
20509.44 
20511.98 
20512.11 
20512.24 
20513.55 
20514.85 
20514.97 
20516.28 
20516.43 
20517.72 
20517.85 
20518.34 
20519.15 
20520.58 
20521.81 
20521.93 
20523.22 
20523.35 
20523.48 
20524.67 
20524.82 
20525.28 
20525.45 
20525.87 
20526.07 
20527.42 
20528.56 
20529.80 
20531.04 
20531.15 
20532.38 
20533.38 
20533.54 
20533.67 
20534.93 
20536.15 
20536.33 
20537.59 
20537.71 
20537.83 
20539.11 
20540.47 
20541.68 
20542.92 
20543.04 
20545.36 
20545.48 
20546.81 
20548.02 
20548.14 
20549.41 
20550.71 
20550.83 
20552.11 
20553.36 
20553.49 
20554.19 
20554.32 
20554.43 
20554.55 
20554.67 
20554.83 
20554.98 
20555.12 
20557.50 
20557.63 
20558.89 
20560.11 
20560.26 
20561.54 
20561.68 
20562.97 
20564.20 
20564.33 
20565.64 
20565.77 
20567.08 
20567.22 
20568.45 
20569.75 
20569.87 
20571.20 
20571.32 
20572.61 
20572.73 
20574.04 
20574.16 
20574.29 
20574.41 
20574.53 
20574.64 
20574.77 
20574.94 
20575.12 
20575.29 
20575.45 
20575.58 
20575.72 
20575.86 
20575.99 
20576.13 
20576.27 
20576.41 
20576.56 
20576.71 
20576.86 
20577.01 
20577.14 
20577.26 
20577.43 
20577.62 
20577.79 
20577.94 
20578.08 
20578.23 
20578.37 
20578.53 
20578.68 
20578.86 
20579.05 
20579.26 
20579.44 
20579.60 
20579.77 
20579.94 
20580.11 
20580.27 
20580.43 
20580.57 
20580.76 
20580.90 
20581.29 
20581.42 
20582.66 
20583.88 
20584.00 
20585.31 
20585.44 
20586.74 
20586.86 
20586.99 
20589.38 
20589.52 
20590.62 
20590.77 
20592.04 
20592.15 
20593.50 
20594.72 
20594.82 
20596.13 
20597.37 
20597.52 
20598.82 
20600.05 
20600.21 
20600.41 
20600.58 
20600.72 
20600.87 
20601.01 
20601.87 
20601.99 
20603.33 
20603.45 
20604.75 
20605.98 
20606.12 
20607.41 
20608.63 
20610.09 
20611.31 
20611.43 
20611.55 
20612.86 
20614.21 
20615.40 
20615.52 
20616.84 
20618.27 
20618.40 
20619.71 
20619.83 
20620.73 
20620.84 
20620.99 
20621.11 
20621.32 
20621.48 
20621.64 
20621.83 
20622.00 
20622.14 
20622.29 
20622.44 
20622.59 
20623.82 
20625.04 
20626.27 
20626.40 
20627.69 
20627.80 
20629.12 
20629.24 
20631.78 
20631.91 
20633.21 
20634.64 
20635.86 
20637.11 
20638.32 
20638.45 
20639.70 
20640.92 
20642.19 
20643.46 
20643.59 
20644.91 
20645.04 
20646.32 
20647.57 
20647.70 
20649.00 
20649.11 
20650.43 
20650.55 
20650.67 
20652.00 
20653.27 
20653.40 
20654.72 
20654.84 
20656.06 
20656.38 
20656.50 
20657.39 
20657.52 
20658.84 
20658.96 
20660.24 
20660.39 
20661.70 
20661.84 
20663.27 
20664.69 
20665.98 
20666.14 
20667.41 
20667.60 
20667.81 
20667.94 
20670.35 
20670.50 
20670.65 
20670.78 
20671.73 
20672.95 
20673.05 
20674.37 
20674.50 
20675.61 
20675.74 
20677.04 
20677.17 
20678.48 
20678.62 
20679.92 
20680.08 
20681.33 
20682.57 
20682.70 
20684.02 
20684.13 
20685.44 
20686.67 
20686.80 
20688.12 
20688.25 
20688.37 
20689.55 
20689.68 
20689.79 
20689.95 
20690.07 
20690.19 
20690.37 
20690.55 
20690.71 
20691.99 
20693.23 
20694.47 
20695.69 
20695.82 
20695.94 
20697.11 
20698.35 
20699.57 
20701.01 
20701.15 
20702.44 
20702.56 
20703.86 
20705.11 
20705.23 
20705.35 
20706.72 
20707.97 
20709.21 
20710.64 
20710.77 
20712.10 
20712.22 
20713.51 
20713.63 
20714.73 
20714.87 
20716.16 
20717.39 
20717.52 
20720.08 
20720.20 
20721.50 
20721.62 
20722.93 
20723.06 
20724.35 
20724.47 
20725.77 
20725.90 
20728.23 
20728.36 
20729.56 
20730.91 
20732.14 
20732.27 
20733.57 
20733.70 
20735.00 
20736.04 
20736.15 
20736.26 
20737.47 
20737.60 
20738.90 
20739.04 
20740.34 
20740.47 
20741.75 
20743.30 
20744.60 
20744.72 
20745.96 
20747.06 
20747.17 
20749.55 
20749.67 
20750.75 
20750.87 
20752.00 
20753.24 
20754.46 
20754.59 
20756.10 
20756.23 
20756.48 
20756.60 
20756.72 
20757.94 
20758.10 
20758.22 
20758.33 
20759.58 
20759.71 
20761.01 
20761.16 
20762.46 
20762.58 
20765.29 
20767.79 
20767.96 
20769.21 
20769.35 
20770.65 
20770.76 
20771.89 
20772.01 
20773.31 
20773.43 
20774.78 
20776.08 
20778.65 
20779.86 
20779.98 
20781.31 
20782.43 
20782.55 
20783.76 
20783.88 
20785.18 
20786.40 
20786.52 
20787.85 
20789.28 
20789.42 
20790.73 
20790.86 
20792.15 
20792.28 
20793.59 
20793.72 
20795.01 
20795.14 
20796.44 
20797.89 
20798.02 
20799.32 
20799.52 
20801.97 
20802.11 
20802.23 
20803.42 
20803.60 
20804.83 
20805.04 
20807.71 
20807.88 
20808.00 
20809.34 
20811.91 
20813.15 
20814.48 
20814.61 
20815.90 
20816.08 
20817.33 
20818.57 
20819.80 
20819.93 
20821.23 
20821.39 
20822.79 
20824.09 
20824.23 
20824.35 
20824.54 
20824.68 
20824.81 
20824.98 
20825.11 
20825.30 
20825.45 
20825.60 
20825.75 
20825.89 
20826.06 
20826.54 
20826.66 
20827.96 
20828.11 
20829.32 
20831.66 
20831.84 
20833.23 
20834.53 
20834.64 
20835.92 
20837.21 
20837.33 
20838.63 
20838.76 
20840.05 
20841.49 
20841.62 
20842.72 
20842.90 
20844.30 
20845.59 
20846.82 
20846.96 
20848.27 
20849.69 
20849.82 
20852.36 
20852.50 
20854.84 
20854.98 
20856.25 
20856.38 
20857.63 
20860.24 
20861.58 
20861.70 
20863.01 
20863.16 
20864.46 
20864.56 
20865.88 
20866.00 
20867.32 
20867.46 
20868.89 
20870.16 
20870.57 
20870.74 
20870.88 
20871.01 
20871.82 
20871.96 
20872.08 
20872.24 
20873.58 
20874.89 
20876.13 
20876.23 
20878.57 
20879.80 
20879.94 
20881.22 
20882.47 
20883.69 
20883.82 
20885.04 
20885.52 
20886.14 
20886.29 
20887.58 
20887.71 
20889.02 
20890.24 
20891.28 
20891.47 
20891.64 
20892.90 
20893.15 
20893.27 
20893.41 
20894.54 
20894.67 
20897.22 
20898.45 
20898.59 
20899.88 
20900.17 
20902.63 
20903.98 
20905.19 
20905.33 
20906.22 
20906.41 
20906.53 
20906.65 
20907.45 
20907.58 
20908.07 
20908.88 
20909.00 
20910.23 
20910.35 
20912.88 
20914.22 
20914.34 
20915.65 
20915.77 
20917.09 
20917.22 
20918.51 
20918.63 
20919.73 
20920.98 
20921.11 
20922.41 
20922.55 
20923.83 
20923.99 
20926.51 
20926.82 
20927.72 
20929.26 
20930.39 
20930.53 
20931.91 
20933.05 
20933.18 
20934.50 
20934.63 
20936.07 
20937.34 
20937.51 
20937.62 
20938.88 
20939.01 
20939.17 
20939.33 
20940.62 
20941.84 
20941.96 
20943.21 
20944.51 
20944.64 
20945.94 
20947.18 
20947.31 
20948.60 
20948.74 
20950.03 
20951.47 
20952.69 
20952.82 
20953.93 
20954.04 
20955.36 
20956.60 
20956.71 
20958.03 
20959.24 
20959.52 
20959.64 
20959.81 
20959.98 
20960.13 
20960.35 
20960.60 
20960.74 
20960.91 
20961.08 
20961.92 
20962.11 
20963.34 
20964.59 
20965.82 
20965.95 
20967.25 
20967.42 
20968.09 
20968.23 
20968.37 
20968.52 
20968.67 
20969.51 
20970.73 
20972.10 
20973.33 
20974.64 
20976.08 
20977.30 
20978.53 
20978.66 
20979.96 
20980.09 
20981.38 
20981.51 
20982.84 
20984.08 
20984.21 
20985.46 
20986.71 
20986.83 
20986.96 
20988.20 
20988.33 
20989.82 
20991.02 
20992.25 
20993.79 
20995.24 
20995.36 
20996.55 
20996.68 
20997.96 
20998.08 
20999.41 
20999.53 
21000.84 
21000.97 
21002.26 
21002.44 
21005.15 
21005.96 
21006.22 
21006.35 
21009.05 
21010.48 
21010.61 
21011.90 
21012.03 
21013.35 
21013.54 
21014.76 
21016.01 
21016.12 
21017.22 
21017.36 
21018.68 
21018.81 
21020.07 
21020.27 
21021.51 
21022.98 
21023.11 
21024.39 
21024.59 
21025.83 
21025.96 
21026.88 
21027.02 
